WATER BALANCE/maps/.ipynb_checkpoints/B6_use-checkpoint.asc
ncols        584
nrows        693
xllcorner    28.441975293445
yllcorner    -22.589076843095
cellsize     0.000277783505
NODATA_value 0
[rows 532 to 569 of 693, columns 170 to 254 of 584]
20567 20575 20821 20469 19968 20324 20110 19918 19518 19518 20088 19595 19641 20328 19540 19574 19530 19509 19509 19717 19681 19681 19389 19726 19593 19600 20205 19929 19929 19547 19289 19548 19244 19237 19427 19284 19417 19417 19216 19149 19103 18806 18748 18056 18635 19238 19238 19295 18941 18941 18901 18852 19109 18983 18854 19648 19648 19349 19002 18757 19051 19163 18861 17796 17991 17991 19132 19211 19516 19284 19855 19695 17821 18206 18206 19844 19444 19444 18280 18778 18409 18542 18484 18653 18653
20956 20606 20722 20577 20415 20324 20110 19918 19518 19518 20088 19595 19641 20328 19540 19574 19644 19437 19437 19934 19562 19562 19142 19647 19888 19495 19677 19818 19818 19680 19192 19285 19169 19458 19738 19656 19841 19841 19599 19164 18566 18411 18742 18708 18967 19330 19330 19270 18752 18752 18822 18821 19232 19222 20113 20928 20928 20727 19328 18959 19160 18856 19551 18334 17861 17861 18938 19324 19697 19099 19284 18819 18214 19768 19768 20061 18525 18525 18580 18418 18047 18327 18589 18704 18704
21174 20517 20560 20510 20393 20082 19924 19814 19814 19865 19876 19867 19888 20196 20302 20242 19644 19644 19437 19934 19562 19562 19142 19647 19888 19495 19677 19572 19671 19387 19195 18998 19304 19678 19750 19621 19621 19709 19760 19550 19136 18740 18736 18933 18808 18808 18672 18717 18434 18434 18720 19109 19794 20532 20659 20659 20679 20084 18792 18811 18739 18647 19280 19101 18176 18176 18576 19300 18798 18624 18927 18296 19267 20070 20070 19058 18431 18431 18597 18460 18230 18443 18129 18542 18542
20494 20394 20284 20369 20500 20136 19999 19326 19326 19235 19573 19753 19622 19813 19986 20089 19929 19929 19855 19858 19679 19679 19501 19670 19879 19599 19572 19572 19671 19387 19195 18998 19304 19678 19750 19621 19621 19709 19615 19626 19658 19688 19613 19327 19009 19009 18635 18382 18093 18093 18942 20049 20349 19855 20504 20504 20523 19905 18872 19217 19166 19350 19234 18539 18539 18194 18176 19180 18886 18317 18657 18388 18806 18806 19339 19137 19159 19159 19136 18643 18399 18006 17723 17723 18297
20457 20464 20182 20157 20445 20062 20211 19721 19721 19559 19712 19759 19902 20091 20083 20603 20275 20275 20170 19824 19628 19628 20133 20126 19940 19633 19580 19580 19543 19225 19382 19037 19114 19628 19512 19300 19300 19376 19615 19626 19658 19688 19613 19327 19009 19009 18635 18382 19764 19764 20414 19833 19417 19831 20894 20894 20857 21309 20618 20492 20864 21080 20668 19560 19560 18717 18389 19053 19561 18652 18501 18263 18485 18485 18730 19087 19081 19081 18807 18622 18478 18292 18068 18068 18361
20469 20594 20110 20042 20059 20709 19864 19489 19489 19262 19523 19730 19490 19785 20293 20116 19248 19248 20192 19689 19170 19170 19761 20014 19255 19738 19269 19269 19471 19228 19604 18963 18846 19896 19392 19612 19612 19505 19663 19695 19836 19879 19687 19119 18679 18679 18659 19052 19764 19764 20414 19833 19417 19831 20894 20894 20857 21309 20618 20492 21003 20699 20858 20744 20744 20292 19647 18802 19351 19750 19358 18154 18157 18157 18443 18587 18869 18869 18600 18650 18561 18298 18497 18497 18588
20107 20170 19949 19755 19801 20079 19739 19299 19299 19438 19585 19782 19599 19949 20076 19980 19605 19605 19742 19293 19865 19865 19993 19771 19705 19709 19289 19289 19460 19568 19521 19201 19309 19424 19363 19649 19649 19808 19781 19886 19787 19212 19016 18694 18876 18876 19386 19620 19949 19949 18729 18450 19762 19780 20428 20428 20386 20330 20967 20469 21003 20699 20858 20744 20744 20292 19647 18802 19351 19750 19370 18140 18077 18077 18896 18552 18772 18772 18916 18801 18646 18470 18557 18557 18835
19797 19818 19932 19776 19682 20107 20085 19593 19593 19370 19800 19580 19774 19949 19958 20249 19917 19917 19587 19522 19479 19479 20174 19958 19660 19444 19220 19220 19264 19285 19208 19527 19701 19688 19513 19571 19571 20008 20138 19974 19485 19134 18851 19122 19915 19915 19663 19043 18440 18440 18381 18842 19587 19708 19936 19936 19981 20297 20716 20472 20633 20440 20283 20108 20108 20371 19909 18675 18301 19042 19370 18140 18077 18077 18896 18552 18772 18772 18916 18801 18646 18470 18263 18263 18814
19731 19833 19542 19438 19841 19879 20198 19733 19733 19621 19064 19690 19952 20336 19854 19780 19167 19167 19529 19626 19947 19947 19995 19602 19785 19585 19601 19601 19653 19403 19658 19521 19545 20032 19892 20359 20359 20147 19540 19066 19541 19915 19480 18918 18645 18645 18731 18600 18574 18574 18475 18494 18978 19268 19766 19766 19757 19880 20740 20304 20171 20044 19708 19296 19296 19295 19751 19431 18123 17664 18533 18787 18857 18857 18804 19091 18811 18811 18410 18429 18308 18145 18263 18263 18814
19736 19622 19506 19920 19841 20088 20058 20175 20175 19614 19415 19349 19719 19620 19727 19536 19403 19403 19779 19202 20101 20101 19464 19544 19587 19723 19766 19766 19777 19580 19634 19867 19994 20305 19870 19557 19557 19679 19243 19572 20422 19299 19130 18977 18879 18879 18926 18914 18700 18700 18612 18666 19303 19263 19672 19672 19639 19871 20338 20312 20121 20167 20052 19576 19576 19080 19713 19687 18447 17586 17730 18598 18699 18699 18648 19058 18896 18896 18559 18741 18635 18258 18311 18311 18516
20140 20135 19899 19868 19973 20020 19838 19710 19710 19850 19771 19255 19451 19611 19721 19607 19666 19666 19797 19529 19274 19274 19707 19670 19349 19657 19773 19773 19595 19554 20295 20392 20461 19928 19426 19387 19387 19178 19493 20207 20246 19084 19308 19214 19077 19077 18960 19184 18819 18819 18889 19143 19238 19073 19331 19331 19543 19490 19880 20582 20013 20045 20408 19982 19982 19553 19747 19639 18857 17695 17393 18596 18380 18380 18052 18774 18867 18867 18841 18716 18588 18444 18413 18413 18625
20140 20135 19899 19868 19973 20020 19838 19710 19464 19780 19638 19384 19342 19404 19767 19654 19816 19816 19831 19763 19614 19614 19469 19475 19112 19088 19515 19515 19795 20543 21857 21058 20197 19544 19384 19421 19421 19761 20249 19898 19330 18907 18924 19140 19107 19107 19156 19092 18622 18622 18752 19162 19303 19315 19394 19394 19581 19651 19562 20043 19885 20006 20250 19890 19890 19631 19486 19605 18967 17996 17451 18333 18539 18539 18236 18516 18788 18788 18764 18622 18553 18690 18650 18650 18852
19776 20066 19747 19559 19596 19789 19643 19464 19464 19780 19638 19384 19342 19404 19767 19654 19816 19816 19312 19253 19205 19205 19247 19192 19035 18987 19619 19619 20860 22303 23068 20735 19959 19691 19266 19816 19816 20724 19606 18945 19048 18951 18701 18758 19195 19195 19252 19243 18926 18926 18857 19017 19345 19122 19398 19398 19550 19607 19361 19993 19662 19553 19911 19744 19744 19719 19549 19738 19452 18157 17428 18163 18473 18473 18411 18399 18433 18433 18582 18715 18522 18396 18501 18501 18480
19628 20164 19484 19894 19889 19675 19528 19420 19420 19441 19528 19423 19311 19214 19918 19960 19879 19879 19312 19253 19205 19205 19247 19192 19035 18987 19619 19619 20860 22303 22662 20433 19986 19805 20120 20922 20922 19622 19008 18756 19043 19095 18885 19071 19343 19343 19039 19033 19079 19079 18935 18696 19020 19186 19656 19656 19224 19269 19582 20113 19537 19115 19485 19097 19097 19153 19154 19389 19462 18371 17753 17867 18401 18401 18733 18434 18231 18231 18347 18401 18355 18236 18147 18147 18330
20172 20528 19936 20398 19979 19353 19625 19625 19450 19470 19581 19018 19379 19681 19782 19874 19874 19450 19570 19339 19050 19050 19128 19103 18828 19693 19693 21266 21998 22488 22662 20433 19986 19805 20120 20120 20922 19622 19008 18756 19080 18911 18793 19239 19239 19142 19106 19060 18798 18798 18575 18516 18853 19473 19685 19685 18981 18795 19157 19370 19986 19449 18737 18565 18565 18607 18687 18806 19092 18544 17430 17160 17726 17726 18395 18351 18088 18088 18116 18315 18374 18474 18020 18020 17850
20264 20507 20383 20174 19523 19265 19680 19680 19649 19699 19716 19464 19725 19957 19867 19762 19762 19574 19605 19263 19114 19114 19287 19302 19729 21125 21125 21320 21393 21793 21041 19905 19817 20214 20627 20627 19748 19557 19299 19105 19080 18911 18793 19239 19239 19142 19106 19060 18798 18798 18575 18516 19266 19527 19527 19371 18797 18582 18556 19053 19793 19894 18807 18807 18514 18682 19030 18789 18803 18794 17692 17422 17422 17818 18015 18184 18234 18234 18250 18597 18529 18341 18341 18278 17700
19721 19800 20213 19773 19559 19686 20032 20032 19770 19643 19868 20160 20313 19840 19670 19246 19246 19189 19360 19097 19383 19383 19908 20673 21071 20655 20655 20632 21208 20623 19716 19710 20023 20182 19838 19838 19544 19343 19321 19109 18974 18693 18827 19185 19185 19310 19236 19111 18986 18986 18658 18560 19266 19527 19527 19371 18797 18582 18556 19053 19793 19894 18807 19420 19027 19173 19097 18954 18906 18906 18123 17326 17326 18476 18171 18346 18471 18471 18563 18769 18610 18499 18499 18376 18142
19824 19686 19889 19533 19800 20162 20018 20018 19536 19444 20528 20851 20285 19753 19379 18909 18909 19139 19150 18748 20287 20287 21112 21024 20264 20027 20027 20379 21223 19885 19092 19934 20021 19652 19480 19480 19570 19423 19475 19144 19148 18882 19004 19206 19206 19152 19073 19129 19274 19274 19009 18946 19308 19310 19310 19190 18762 18749 18855 18952 19637 19974 19420 19420 19027 19173 19097 18954 18906 18906 18123 17326 17326 18793 18393 18619 18636 18636 18780 18711 18281 17969 17969 17973 18414
20004 19902 20167 20052 19612 19383 19025 19025 19467 19509 20352 20036 19822 19221 18740 19149 19149 19340 19801 20813 20795 20795 21176 20661 20404 20367 20367 20474 19560 19968 20147 19478 19787 19684 19476 19476 19873 19366 19614 19354 19134 18799 18872 19127 19127 19026 19223 19247 19318 19318 18895 18733 19561 18210 18210 18495 18294 18191 18871 19603 19532 19262 19081 19081 18976 19006 19256 18813 18562 18890 18490 17642 17642 18793 18393 18619 18636 18636 18780 18711 18281 17969 17969 17973 18414
19986 20081 19832 19873 19588 18994 19240 19240 19893 19856 19644 19513 19310 19175 18846 19310 19310 20016 20726 20859 21019 21019 20535 19906 19721 19744 19744 20240 20265 20186 19330 19507 19403 19209 19257 19257 19635 19549 19514 19247 19307 18650 18865 18922 18922 19087 19228 19398 19188 19188 19056 19108 19225 18454 18454 18114 18095 18130 18454 19212 18918 19178 18720 18720 19062 18927 19245 18895 18688 18977 19040 18058 18058 17968 18499 18486 18694 18694 18788 18327 17715 18022 18022 18159 18499
19795 19830 19973 20022 19642 19510 19339 19339 19900 20192 19408 19135 19394 19511 20002 20682 20682 20714 20931 21000 20168 20168 19831 19510 19502 20458 20458 20551 19865 19592 19676 19784 19652 19371 19641 19641 19761 19270 19258 19472 19362 18741 18787 18786 18786 19121 19439 19353 19243 19243 19123 18894 18759 18639 18639 18615 18973 18671 18287 18328 18537 19047 18531 18531 19003 18987 19061 18888 18677 18896 19176 18412 18412 17833 18534 18682 18894 18894 18543 17817 17925 18357 18357 18494 18540
19645 19822 20249 19786 19866 19755 19375 19375 19916 19601 19124 19134 19498 20840 20841 20970 20970 21249 20843 20092 19623 19623 19620 19551 20287 20569 20569 19587 19697 19484 19252 19702 19293 19442 19966 19966 19733 19425 19412 19444 19254 18940 18856 18988 18988 19261 19559 19373 19470 19470 18789 18967 19374 19257 19257 19228 19222 18823 18311 18166 18206 19178 18598 18598 18821 18952 19014 18856 18733 18910 19030 18308 18308 17674 18626 18607 18434 18434 18023 18090 18634 18784 18784 18564 18515
19645 19822 20249 19786 19866 19755 19375 19375 19916 19601 19069 19586 20429 20793 20909 21246 21246 20848 19637 19349 19314 19314 18798 20464 20499 19738 19738 18836 19377 19701 19164 19628 19492 19781 19853 19853 19140 18986 19045 19229 19310 19002 19143 19024 19024 18894 19470 19726 19656 19656 19058 19364 19817 19363 19363 19082 19083 19148 18791 18695 18496 19025 18560 18560 18550 18717 18856 18711 18868 18883 18842 18041 18041 18116 18478 18088 18082 18082 18258 18885 18947 18696 18696 18579 18398
19418 20058 19930 19801 19816 19711 19306 19306 19386 19196 19069 19586 20429 20793 20909 21246 21246 20848 19637 19349 19314 19314 20575 20617 19205 19744 19744 19334 19382 19800 19528 19255 19644 19571 19881 19881 19156 19165 19323 19223 19067 18901 19147 18902 18902 18716 19099 19571 19268 19268 19120 19248 19525 19570 19570 19167 19117 19591 19175 19369 19278 18843 18054 18054 18181 18093 18089 18570 18883 19116 18983 17821 17821 18477 18157 17618 18271 18271 18776 19013 18862 18808 18808 19040 18958
19675 19957 19753 19775 19666 19815 19612 19612 19416 19256 20271 20692 20747 20795 21225 20641 20641 19375 19264 19273 19230 19230 20575 20617 19205 19744 19744 19334 19382 19800 19528 19255 19644 19848 19819 19819 19581 19589 19393 19216 19031 18908 19011 18825 18825 18986 19162 19270 18975 18975 18823 19133 19616 19547 19547 19305 19252 19458 19218 19110 19026 19432 18536 18536 18262 17809 17975 18306 18249 18600 18769 17649 17649 18430 18076 17960 18635 18635 18646 18786 18781 18715 18715 18883 19280
19485 19811 19771 19653 19630 19547 19466 19466 19184 19392 20903 20839 20919 20437 19620 19186 19186 19102 19589 19554 20385 20385 20237 19412 19342 19689 19689 19791 19853 19637 19488 19359 19684 19848 19819 19819 19581 19589 19393 19216 19031 18908 19011 18919 18919 19287 19241 19233 19050 19050 19032 19162 19514 19554 19554 19320 19106 19120 19105 18942 19001 19257 19656 19656 19113 18828 18644 18423 17982 17772 17976 17697 17697 17609 18050 18507 18702 18702 18772 18785 18751 18753 18753 19011 19229
19585 19466 19717 19609 19605 19439 19439 19252 19943 20841 21047 20994 19763 19081 18875 18875 19182 19155 19346 20768 19513 19513 19287 19747 19597 19597 19703 20110 20197 19601 19074 19438 19852 20257 19751 19751 19731 19742 19471 19418 19120 19011 18828 18919 18919 19287 19241 19233 19050 19050 19032 19162 19514 19554 19554 19408 18804 18780 19085 18950 19557 19740 20039 20039 19111 18844 19118 18892 18877 18480 18225 17459 17459 18044 18659 18656 18647 18647 18881 18989 19217 19404 19404 19363 19413
19698 19393 19703 19564 19249 19569 19569 20519 21003 20487 20462 19802 18772 19017 19165 19165 19535 19372 20819 20889 19554 19554 19761 20089 19538 19538 19686 20151 19984 19334 19770 19053 19594 19971 19971 19675 19730 19639 19687 19460 18842 18983 18720 18720 18549 18983 19060 19040 19450 19450 19156 19517 19411 19411 19807 19408 18804 18780 19085 18950 19557 19740 19740 20039 19111 18994 18863 19008 19100 18616 18056 18056 17817 18582 18784 18701 18833 18833 19684 19278 19339 19339 19459 19573 19302
19998 19665 19865 20630 20916 20984 20984 21030 20696 19741 19225 19139 18823 19019 20153 20153 21177 21271 19974 19317 19525 19525 19715 20149 19746 19746 19440 19416 19494 19647 19402 19395 19701 19031 19031 19139 19200 19263 19350 19420 19268 19264 19137 19137 19354 19167 19153 19343 19299 19299 19498 19386 19403 19403 19454 19531 19440 19479 19449 19523 19391 19449 19449 20119 19151 18994 18863 19008 19100 18616 18056 18056 17817 18582 18784 18701 18714 18714 18854 19173 19267 19267 19329 19315 19230
20023 20343 21078 21032 21000 20690 20690 20148 19752 19739 18867 18955 19028 20557 21106 21106 20386 19405 20404 19848 19607 19607 19707 19642 19485 19485 19751 19292 19515 19502 19866 19381 19412 19145 19145 19056 19220 19180 19299 19359 18986 19302 19179 19179 19291 19199 18935 19286 19572 19572 19885 19717 19732 19732 19627 19434 19238 19179 19285 19317 19215 19305 19305 19999 19901 19421 18861 18929 19106 18765 17829 17829 18004 18798 18939 18985 18714 18714 18854 19173 19267 19267 19329 19315 19230
20673 21387 20853 20730 20072 18896 18896 19193 19600 19305 18744 19563 21137 20801 20041 20041 19771 19556 20361 20278 20038 20038 19959 19537 19512 19512 19436 19695 19549 18902 19472 19401 19162 19170 19170 18938 19224 19226 19323 19436 18728 19273 19307 19307 19268 19317 19037 19395 19296 19296 19509 19958 20086 20086 19817 19469 19320 19233 19166 19163 19278 19269 19269 20284 20228 19567 19013 18961 19070 19070 17981 17981 17805 18877 18960 18875 18762 18762 18820 18973 19195 19195 19314 19221 19073
21404 20750 20876 19968 19039 19371 19371 19371 19596 19268 19382 21123 21160 19881 19514 19514 19759 19979 20428 20546 19976 19976 20203 20038 19847 19847 19635 19722 19287 19167 19738 19334 19277 18803 18803 19222 19238 19028 19098 19282 19011 19347 19206 19206 19222 19002 19160 19388 19444 19444 19399 19517 19708 19708 19572 19572 19787 19724 18955 19178 19578 19493 19493 19603 20066 19062 19165 19057 18923 19000 18117 18117 17929 18573 18967 18726 18680 18680 18560 18648 18913 18913 19139 19196 19014
21404 20750 20876 19344 19170 19004 19004 19258 19351 19495 21184 21057 19832 19546 19405 19405 19734 19961 19852 20318 19925 19925 20251 20182 19890 19890 19430 19378 19389 19516 19643 19421 18974 19260 19260 19576 19330 19273 19018 18923 19119 19154 19255 19255 19245 19374 19433 19088 19387 19387 19458 18858 19284 19284 19612 19529 19812 19471 18931 19155 19666 19511 19511 18904 20175 19238 19155 18816 18755 18642 18356 18356 17874 18443 18819 18676 18718 18718 18513 18380 18713 18713 18904 19172 18878
20889 20608 19782 19344 19170 19004 19004 19258 19351 19495 21184 21057 19832 20085 19608 19608 19662 19924 20052 20111 20362 20362 19883 19820 19652 19652 19446 19234 19476 19502 19448 19592 19441 19568 19568 19293 19156 19283 19155 18825 19051 19333 19444 19444 19496 19597 19336 19369 19783 19783 19397 18484 19029 19029 19600 19049 18774 18823 18947 18917 19030 19094 19094 18878 19579 19503 19349 18764 18959 19141 19014 19014 18105 18589 18702 18660 18815 18815 18717 18559 18730 18730 18785 18999 19052
20130 19531 19543 19088 18782 19111 19111 19090 19582 20901 20357 19882 19998 20085 19608 19608 19662 19924 20052 20111 20362 20362 19883 19820 19652 19339 19438 19091 19455 19686 19380 19618 19614 19246 19246 18811 18834 19006 18749 18368 18792 20012 19674 19674 19470 19485 19600 19780 19938 19938 18842 18672 19036 19036 19371 18848 18729 18728 18560 18718 18761 19058 19058 19180 19969 20195 19481 19119 19376 19369 19315 19315 18658 18560 18538 18315 18433 18433 18711 18683 18702 18702 18817 19025 19283
19681 19405 19609 19162 19286 19140 19140 19511 20894 21309 19764 19823 19916 20366 20062 20062 19975 19945 20021 19767 19791 19791 19339 19473 19339 19339 19438 19091 19455 19686 19380 19618 19614 19246 19246 18962 18740 18389 18175 18068 19012 19744 19240 19240 19514 19683 19697 19964 20076 20076 19608 18918 19296 19296 19063 19066 19245 19109 19374 19549 18999 19131 19131 19257 19797 19943 19436 19336 19659 19204 19236 19236 18992 18418 18474 18102 18265 18265 18818 18789 18650 18650 18810 18978 19248
19882 19543 19237 19200 19429 19714 19714 21151 20755 19991 19564 19735 19558 20241 19828 19828 19898 19966 19877 19909 19734 19734 20004 19522 19089 19089 18879 19353 19265 19412 19230 19234 19396 18876 18876 18962 18740 18389 18175 18068 19012 19744 19240 19240 19514 19683 19996 20337 20217 20217 19176 18999 19307 19307 19609 19322 19220 19191 19263 19568 19197 19331 19331 19209 19563 20495 19463 19532 19865 19445 18903 18903 19110 18153 18820 18427 18217 18217 18759 18711 18587 18587 18786 18639 19089
20070 19793 19317 19104 20213 21037 21037 20428 19593 19914 19790 19975 19552 19973 19800 19800 20081 20416 20033 19837 19760 19760 20077 19646 19064 19064 19140 19354 19140 19186 18775 18835 18774 18644 18644 18791 18511 17844 17852 18302 19392 19860 19341 19341 19595 19427 19996 20337 20217 20217 19176 18999 19307 19307 19609 19322 19220 19104 19564 19549 19391 19709 19709 19553 20065 20348 20530 20265 19755 19603 19619 19619 19290 17876 17994 18377 18242 18242 18548 19063 18815 18815 18641 18741 18671
