WATER BALANCE/maps/.ipynb_checkpoints/B6_use-checkpoint.asc
ncols        584
nrows        693
xllcorner    28.441975293445
yllcorner    -22.589076843095
cellsize     0.000277783505
NODATA_value 0
[rows 456 to 493 of 693, columns 85 to 169 of 584]
19485 19604 19544 19490 19560 19649 19333 19333 18980 18958 18347 18721 20152 20935 21358 21967 21967 22191 18307 16361 20806 19464 19464 20018 19743 19499 19499 20212 20496 20448 20463 19883 20513 20993 21324 21324 21592 21575 21020 20945 20837 20310 19488 18592 18592 19210 20342 20910 20697 21189 21189 21184 20803 20499 20499 20477 20180 19994 19657 19841 19858 20158 20428 20428 20406 19946 20411 20643 20296 20328 19980 20056 20056 19924 19802 19734 19620 19721 19721 19589 19540 19901 19901 20041 20302
19683 19789 19539 19477 19825 19685 19335 19335 18834 18915 18992 18740 19097 19795 20355 21311 21311 22402 21648 18938 20790 19645 19645 20229 20407 19472 19472 19425 20144 20564 19930 19783 20843 21068 21222 21222 21497 21154 20825 21058 21221 20332 19522 18711 18711 18872 20162 21599 21751 21364 21364 20653 20556 20750 20750 20729 20205 20147 19743 19650 19858 20158 20428 20428 20406 19946 20411 20643 20296 20328 19909 20464 20464 20155 20071 20043 19754 19434 19434 19525 19333 19718 19718 19729 20015
19464 19479 19249 19302 19283 19235 19481 19481 19254 19130 19384 18871 18422 19237 19860 20700 20700 21317 22134 19057 22042 19877 19877 19608 20617 19715 19715 19269 19341 19423 19260 20130 21449 21122 21015 21015 21412 20860 21000 21181 21270 20174 18592 19022 19022 20119 20738 21107 20844 20650 20650 20577 20569 20369 20369 20619 20231 20059 19596 19557 19303 19337 20064 20064 20107 20411 20249 20340 20112 20015 19909 20464 20464 20155 20071 20043 19754 19434 19434 19525 19333 19718 19630 19219 19675
19247 19308 19147 19377 19294 19431 19431 19403 19496 19802 19373 18669 18489 19634 19536 19536 21061 21202 22511 21712 22975 21085 21085 19404 20265 21077 21077 20913 19383 18901 19225 20714 21923 21433 20888 20888 21409 21654 21151 21211 20409 19635 18523 19502 19502 19776 19530 19522 19589 20524 20524 20251 20375 20252 20252 20037 20304 20080 19702 19808 19294 18894 19460 19460 20013 19991 20282 20670 20339 20573 20488 20598 20598 20522 20152 20125 19851 19843 19843 19615 19606 19630 19630 19219 19675
19001 19126 19201 19288 19039 18865 18865 19007 19334 19809 19363 18652 18255 18888 19244 19244 19991 20621 22063 22915 21874 20515 20515 19825 19720 19720 19981 21357 21133 20329 19804 20741 21492 21485 21485 20941 21296 21702 21170 20725 19507 19237 19000 19000 19821 19601 19565 19741 19660 20467 20467 20243 20253 20452 20452 20221 19948 20079 19427 19585 19462 19396 19446 19446 19914 19775 19957 20075 20211 20454 20827 20726 20726 19958 20061 20108 19876 19319 19319 19517 19857 19994 19994 19798 19534
19254 19019 18180 18281 18581 18246 18246 18447 18543 18934 18760 18581 18992 19385 19312 19312 19137 20155 20326 20424 23498 22308 22308 21212 20696 20696 20521 20725 21845 21504 20120 20724 21204 21732 21732 21247 21423 21248 19915 20062 19947 19642 19935 19935 20882 21079 20462 20472 20834 20511 20511 20102 20092 20092 19407 19247 19328 19170 19420 19875 19670 19725 19725 19068 19366 19760 20105 20118 19768 19261 19588 19588 19854 20667 20428 20554 20451 20627 20627 20410 20052 19882 19882 19738 20474
19254 19019 18180 18281 18581 18246 18246 18447 17849 18151 18508 18688 18759 18633 18662 18662 18902 19460 19970 19759 22639 21878 21878 20570 20353 20353 20430 20454 20839 20960 20735 21063 21171 21584 21584 21046 20750 20360 20496 20249 19727 20600 20597 20597 21062 21443 21244 20775 20466 20431 20431 20281 20035 20035 20141 19577 19823 19523 19662 19620 19616 19571 19571 19276 19290 19938 19915 19762 19471 19699 19969 19969 19872 19687 19233 19767 20541 20734 20734 20647 20475 20475 20251 19736 20409
19631 19059 18343 18087 18535 18299 18299 17775 17849 18151 18508 18688 18759 18633 18662 18662 18902 19460 19015 19138 21384 20603 20603 19527 19158 19158 19568 20066 20329 20637 20870 20977 21121 21096 21096 20287 19798 19833 20809 20509 20447 20855 21270 21270 20972 21032 20746 20930 20472 20547 20547 20110 20092 20092 20112 19967 20048 19729 19575 19266 19302 19424 19424 20241 19214 19933 19660 19591 19262 19194 18973 18973 19481 19792 19628 19324 19782 20092 20092 20292 20660 20660 20423 19944 20260
19526 18988 18789 18384 18319 17961 17961 17613 17676 17894 18511 18790 18800 18505 18684 18684 19047 19513 19015 19138 21384 20603 20603 19527 19158 19158 19568 20066 20329 20637 20727 20323 19908 19867 19867 19843 18904 19905 20678 21288 21762 21367 21387 21387 20744 20459 20941 20588 20448 20721 20721 20342 20239 20239 20407 20078 19860 19597 19741 19945 19841 19980 19980 19750 19357 19526 19404 19823 19697 19605 19437 19437 19297 20061 19746 18846 18850 19234 19234 19573 20461 20461 20632 20598 20326
19537 19197 19039 18872 18475 18053 18053 17666 17659 17655 18665 18827 18746 18896 19144 19144 19129 18865 19058 19067 20505 20565 20565 19397 18776 18776 19345 19921 20368 20780 20727 20323 19908 19867 19867 19843 18904 19905 20678 21288 21345 20744 20882 20882 20580 20554 20642 20241 19945 19986 19986 19805 19819 19819 19687 19901 20134 20092 20169 20503 20357 20112 20112 19606 19376 19441 19739 19812 19687 19589 19812 19812 19907 20062 19635 18987 19128 19445 19445 19473 19828 19828 20333 20556 20367
19862 19697 19796 19708 19011 18398 18398 17999 18352 18630 19097 19044 19148 19243 19340 19340 18620 18343 19683 19743 20115 19799 19799 18757 18833 18833 19623 19943 20152 20130 20140 19956 19527 19236 19236 18240 18346 20012 20965 21134 21345 20744 20882 20882 20580 20554 20642 20241 19945 19986 19986 19805 19737 19737 19773 20048 19866 19747 19986 20266 20328 19816 19816 19605 19327 19233 19414 19494 19651 20073 20011 20011 20118 19581 18931 18909 19119 19361 19361 19334 18855 18855 19744 20017 20475
19776 20071 19654 19985 19149 18789 18789 18478 18212 19051 19124 19017 18644 19426 19940 19940 18947 18964 20186 20285 19140 19478 19478 18555 18829 18829 19392 19671 19778 19408 19366 19540 19485 19790 19790 20200 20271 21536 21654 21737 21133 20900 20385 20385 20313 20721 20315 19870 19542 19380 19380 19821 19737 19737 19773 20048 19866 19747 19986 20266 20328 19816 19816 19800 19624 19470 18982 19229 19307 19664 19767 19767 19511 19098 19431 19247 19151 19058 19058 19524 19183 19183 20057 19953 20251
19826 20254 19661 19662 19182 18926 18926 18806 18148 18513 19321 19134 19340 20090 20140 20140 19842 19991 20106 19571 18766 18130 18130 18844 18164 18164 18660 19224 19004 18925 19240 19727 20818 20600 20600 21435 21059 21681 21921 22144 21464 21188 21066 21066 20244 20406 20571 20086 20185 20048 20048 19637 20203 20203 20454 19932 19942 19754 19783 19600 20071 19488 19488 19800 19624 19470 18982 19229 19307 19664 19767 19767 19511 19792 19738 19362 19035 19178 19178 19915 19996 19996 20277 19502 20019
19977 20009 19488 19093 18801 18635 18635 18753 18750 19178 19205 19225 19403 19029 19217 19217 19558 19272 19198 18958 18788 18083 18083 18243 17375 17375 17647 17972 18036 18382 19095 19999 20647 20250 20250 21328 21421 21728 21942 21870 21550 21296 21196 21196 20697 20161 20051 20021 20382 20439 20439 19796 20466 20466 20416 20361 19894 19870 19869 19934 19708 19495 19495 19717 19823 19390 19576 19666 19553 19891 19939 19939 19317 19792 19738 19362 19035 19178 19178 19915 19996 19996 20277 19502 20019
19805 19484 19335 18999 18780 18701 18701 19009 19091 19165 19233 18852 18593 18981 19352 19352 19708 19220 18591 18492 18668 18380 18380 17878 17246 17246 17454 17845 17834 18086 19276 20278 20809 21192 21192 21835 21593 21427 21803 21669 21499 21219 20913 20913 20697 20451 19850 19679 20062 20647 20647 20783 20459 20459 20013 20111 20175 19482 19512 20085 19587 19741 19741 19638 19571 19499 19334 19381 19449 19560 19364 19364 19103 19487 19321 19100 19146 19462 19462 19732 20002 20002 20202 20159 20142
19468 18861 18981 19356 18989 18912 18912 18032 18185 18504 19175 19446 18993 19014 18986 18986 18837 18502 17957 18452 18559 19774 19774 18609 18821 18821 18684 18196 18778 19629 20469 20742 21109 21822 21822 21317 22063 21787 21636 21257 21062 20627 20905 20905 20444 20107 20713 20549 21023 20602 20602 20822 20338 20338 20300 20056 19993 20153 20354 20229 19885 19749 19749 19464 19896 18976 18571 19330 18837 19375 19189 19189 19623 19037 19907 19569 19340 19535 19535 19484 19621 19621 19599 19979 19767
19587 19037 18907 19071 19008 19008 18888 18323 18653 18792 19947 19858 19229 18927 18927 19114 18623 18219 17731 18147 18696 19295 19295 18167 18167 18837 19155 18367 19178 19736 20242 20598 20633 20633 21533 21319 21338 21426 21342 21182 21275 21042 20929 20929 21007 20586 20887 21095 21184 20866 20866 21060 20336 20336 20005 19831 19614 20157 20442 19833 20121 19755 19755 19895 19834 19219 18866 19366 19162 18936 19410 19410 19202 19064 19364 19497 19693 20220 20220 20282 19882 19882 20042 20225 20020
19587 19037 18907 19071 19008 19008 18888 18323 18653 18792 19670 19408 19270 19137 19137 18758 18291 17695 17559 17790 18529 18601 18601 18487 18487 18566 18846 19270 19551 19815 20157 20350 20259 20259 21057 21402 21081 21122 21096 20822 20948 20701 20701 20929 21347 20752 20533 20918 20934 20485 20485 20480 20480 20404 20198 20191 19711 20139 20572 20108 19608 19608 19473 19772 19412 19532 20007 19955 19522 19180 19519 19519 19381 19700 19810 19761 20049 20185 20185 20258 20222 20222 20333 20338 20052
18535 19147 19149 19438 19696 19696 18711 18434 19160 19923 19537 19159 19142 19168 19168 18813 17840 17785 17860 17726 18662 19587 19587 19250 19250 18880 19312 19696 19725 19675 20028 20383 20256 20256 20539 20579 20601 21124 20270 20284 21308 20498 20498 20586 20428 20742 20387 20449 20029 20712 20712 20562 20562 20009 19729 19404 19099 19007 20044 19975 19738 19738 19848 20081 19961 19802 19986 19553 19594 20219 20219 19931 19471 19532 19491 19327 19400 19509 19509 19708 19708 19589 20274 20373 20231
18768 19333 18945 19360 19548 19548 19242 18602 19383 19492 19867 19275 18991 19172 19172 18679 18146 18042 17727 17276 19375 20314 20314 19601 19601 18921 19296 19614 19508 19228 19914 20375 20256 20256 20539 20579 20601 21124 20270 20284 21308 20498 20498 20450 20240 20737 20004 19877 20119 20426 20426 20264 20264 20079 19498 19429 19395 19175 19171 19988 20303 20303 20189 20082 20083 20001 20197 19930 19977 19637 19637 20091 19977 20559 20661 19556 19530 19327 19327 19632 19632 19804 20445 20380 19639
18603 19237 19569 19241 19503 19503 19502 18399 19057 19461 19460 18905 18817 18910 18910 18447 18245 18442 17968 17886 20515 20071 20071 18995 18995 18516 18964 19435 19168 19212 19410 20115 19996 19996 20076 20497 20605 21268 20517 20456 20639 20383 20383 20450 20240 20737 20004 19877 20119 20426 20426 20264 20264 20079 19498 19727 20225 19986 19554 19937 19900 19900 19882 20027 20490 20211 20065 20066 20300 20100 20100 20086 19722 20358 20161 19980 19670 18977 18977 19211 19211 19708 20518 20893 20248
18615 19302 19803 19518 19853 19853 19280 18277 18431 19237 19124 18817 18792 18969 18969 18600 18245 18404 18727 19002 19457 19194 19194 18292 18292 18313 18801 19170 19166 19385 19328 19604 19877 19877 19896 20524 21079 21587 21294 19873 19928 20402 20402 20352 20384 20418 20298 19416 20361 21077 21077 20579 20579 20036 19309 19727 20225 19986 19554 19937 19900 19900 19882 20027 20490 19920 19631 19914 20205 20094 20094 19909 19803 20335 20509 20499 20098 19741 19741 19600 19600 19598 19993 20388 20618
18072 18638 19288 19374 19681 19681 19762 18545 18316 18829 19110 18656 18579 18921 18921 18883 18580 19079 19304 19894 19538 18726 18726 18293 18293 18505 18947 19342 19355 19278 19276 19451 19742 19742 20088 20056 20124 20874 21176 20443 20148 20123 20123 20116 20503 20362 20214 20023 20004 20677 20677 20937 20937 20520 20213 19941 20055 19820 19834 19834 19542 19542 19849 20333 20708 19920 19631 19914 20205 20094 20094 19909 19803 20335 20509 20499 20601 20482 20482 19869 19869 19491 19848 20276 20609
18446 18073 18814 18986 19203 19203 19072 18261 18511 18578 18791 18639 18512 19344 19344 19541 18601 18093 19242 20941 19159 18141 18141 18480 18480 18667 19225 19344 19340 19249 19282 19210 19506 19506 19624 19772 19529 20053 20536 20519 20572 19822 19822 19803 20333 20574 20447 20189 19891 20313 20313 21248 21248 20602 19837 19572 19691 19741 19731 19451 19450 19450 19571 19717 20248 20181 20077 19978 20362 20054 20054 19795 19913 20343 20444 20543 20601 20482 20482 19869 19869 19491 19848 20276 20609
18585 18153 17883 18410 18537 18537 18177 17663 18112 18469 18314 19340 19761 19859 19859 18525 18205 18908 19132 18707 18501 19080 19080 19004 19004 18918 19093 19592 19630 19681 19479 19078 19278 19278 19534 19266 19234 19443 20667 21213 20459 20578 20578 20615 19994 20011 20431 20037 20266 20312 20312 20232 20232 20780 20598 20176 19681 19799 19702 19899 19796 19796 19902 19765 19454 19873 19609 20260 19802 19793 19793 19703 19884 20212 20522 20486 20336 20250 20250 20303 20303 20385 19662 19915 20303
19131 18874 18408 18275 18395 18395 18184 17809 17697 18175 18997 19478 19613 18744 18744 18125 18460 18777 18076 17709 18611 18953 18953 19259 19259 19224 19220 18936 19133 19296 19529 19187 19287 19287 19385 19147 19153 19452 20172 20752 20115 20424 20424 20398 20275 20218 20063 20140 20360 20332 20332 20055 20055 21010 20479 19972 19742 19724 19727 20097 19679 19679 19697 19532 19719 19976 19840 20196 20216 20269 20269 20005 19791 20098 20334 19843 19600 19594 19594 19444 19444 19621 19839 19742 20237
19131 18874 18588 18656 18484 18484 18018 18000 17808 17971 19401 18353 17871 18021 18021 18854 19351 19632 18739 17878 19028 19221 19221 19188 19188 19110 19018 18933 19159 19325 19423 19463 19306 19306 19404 19508 19427 19421 19603 19658 20164 20482 20482 20496 20707 20445 20486 20410 20124 20426 20426 20820 20820 20734 20294 20412 20170 19958 19840 19613 19148 19148 19553 19795 19759 20073 19957 20039 19831 19418 19418 19235 19452 19919 20056 19897 19746 19613 19613 19533 19533 19549 19611 19559 19919
18813 18723 18588 18656 18656 18484 18018 18000 17808 17971 19401 18353 17871 17336 17930 19171 19851 19885 19291 18863 19198 18972 18972 19166 19166 18977 18900 19452 19462 19303 19591 19541 19488 19488 19394 19553 19628 19142 18514 20133 20194 20522 20522 20438 20939 20447 19790 20178 20040 19987 19987 20296 20296 20428 20376 20778 20586 20291 20162 19843 19310 19310 19482 19470 19800 19767 19730 19467 19426 19601 19601 19630 18892 20205 19769 19777 20143 19822 19822 19864 19864 19356 19631 19441 19878
18742 18543 18608 18631 18631 19110 18697 18765 18333 18215 19071 18279 17336 17336 17930 19171 19851 19885 19291 18863 19198 18972 18972 18972 19166 18853 18761 19426 19359 19378 19388 19799 19799 19899 19555 19278 19290 18699 18638 20242 20316 20316 20264 20292 20631 20540 19953 20082 20178 20132 20132 20132 20219 20563 21029 20405 20770 20394 19834 19700 19941 19941 19762 19967 19726 19045 19206 19433 19471 19589 19589 19952 19509 19725 19777 19386 19912 19735 19735 19734 19734 19583 19440 19702 19369
18941 18623 18425 18595 18595 19140 19397 19249 18809 18432 19169 18216 17444 17444 17991 18943 19470 20006 19711 19511 18670 19081 19081 19081 18987 18853 18761 19426 19359 19378 19388 19799 19799 19899 19555 19061 19005 18731 19066 19609 20253 20253 19466 19844 20384 20651 20380 20352 20552 20242 20242 20242 20080 20772 21055 20380 20384 20181 19594 19612 19612 19700 19849 20013 19713 19434 19350 20038 19995 19995 19454 19649 19807 19310 19351 19314 19404 19605 19605 19605 19737 19865 19205 19465 19859
18925 18625 18522 18898 18898 19319 19461 19179 18759 19000 19452 17822 17880 17880 18925 19307 19399 19910 19584 19284 19220 19210 19210 19210 19140 19106 19225 19346 19432 19458 19305 20110 20110 20066 19496 19061 19005 18731 19066 19609 20253 20253 19466 19844 20384 20651 19985 20174 20326 19760 19760 19760 19859 20623 20241 20134 20355 20509 19676 19391 19391 19524 19378 20245 19760 19450 19511 19483 19759 19759 19381 19307 20012 19499 18687 19098 19320 19375 19375 19375 19650 19647 19241 19349 19988
19083 18749 18867 19073 19073 19186 19361 18999 18555 18662 19256 17919 17844 17844 18844 18868 18774 18918 19030 19278 19182 19474 19474 19474 19383 19379 19429 19373 19356 19421 19530 20185 20185 20029 19565 19379 19059 18974 19050 19459 19754 19754 19848 19792 20038 20063 19985 20174 20326 19760 19760 19760 19859 20623 20241 20134 20355 20339 19922 19401 19401 19754 19685 19721 19344 19711 19677 19967 20125 20125 19659 19223 19746 19793 19109 19290 19334 19072 19072 19072 19231 19741 19724 19553 19823
19075 19098 19133 18965 18965 18855 19226 19311 18561 18246 19971 18780 17741 17741 17851 18706 18301 18817 18200 18784 19254 18916 18916 18916 19073 19350 19294 18904 19322 19631 19689 19578 19578 19632 19535 19234 19238 19084 19072 19349 19670 19670 19567 19503 19457 20069 19811 20066 19917 20059 20059 20059 19987 20094 20235 20768 20171 20339 19922 19401 19401 19754 19685 19721 19344 19711 19677 19967 19805 19805 19672 19633 19773 20182 19539 19438 18938 18833 18833 18833 19190 19483 19105 19559 19321
19177 19121 18721 18599 18599 18769 18888 18594 18400 18222 20895 18714 17810 17810 17444 17681 18181 19061 18770 18875 19356 19272 19272 19272 19358 19627 19388 19225 19506 19638 19803 19332 19332 19398 19649 19161 19364 19318 18939 18875 19641 19641 19419 19788 19400 19736 20217 19739 19944 20019 20019 20019 20376 20291 19765 20752 19978 19228 19928 19955 19955 19737 19856 19659 19015 19580 19770 19788 19805 19805 19672 19633 19773 20182 19539 19438 18938 18833 18833 18978 19373 19704 18902 19457 19435
19190 19171 18756 18480 18480 18577 18594 18229 17988 18082 20336 18832 18124 18124 17716 17598 18650 18869 19060 18835 19418 19374 19374 19374 19271 19499 19435 19385 19205 19442 19491 19743 19743 19624 19901 19344 18853 19318 18975 18921 19498 19498 19622 19756 19360 19449 19730 19687 19868 20193 20193 20193 20372 20310 20249 20500 20457 19481 20093 19361 19361 19544 19400 19775 19520 19166 19511 20101 19300 19300 19335 19143 20473 20350 19317 19122 18933 18978 18978 18978 19373 19704 18902 19457 19435
19208 19076 18542 18622 18622 18602 18673 18564 17990 17618 19856 19930 18437 18437 18290 18354 18531 18792 18939 18516 19328 19848 19848 19848 19644 19595 19256 19292 19124 19520 19718 19765 19765 19513 19566 19340 19430 19157 19202 19113 19306 19306 19377 19319 19441 19539 19557 19500 19692 19996 19996 19996 19858 20214 19825 19698 20037 20114 19594 19562 19562 19509 18963 19146 18945 19185 19382 19269 19705 19705 20083 19689 19589 19869 19482 19406 19274 19318 19318 19318 19315 19385 19541 19473 19159
19168 19336 18177 18241 18241 18277 18394 18336 18288 18291 20478 19471 18188 18188 17936 18895 18846 18737 18997 18538 19434 19227 19227 19227 19451 19304 19090 19458 18931 19437 19667 19979 19979 19300 19377 19572 19771 19404 19105 19461 19520 19520 19358 19336 19378 19370 19505 19300 19921 19920 19920 19920 20068 19916 19588 18955 19095 19884 19729 18720 18720 18585 18953 19664 18890 18984 18974 19728 19808 19808 20193 19994 19239 19635 19157 19200 19203 19554 19554 19554 19200 19190 19225 18930 19066
19168 19336 18177 18241 18241 18377 18340 18342 18246 18317 19010 18789 17875 17875 17854 18717 18812 18597 18891 18886 19290 19316 19316 19316 19289 19064 19032 19121 18963 19440 19445 19950 19950 19028 19089 19701 19647 19607 19632 19556 18999 18999 19963 19606 19721 19623 19580 19429 19776 19909 19909 19909 20267 19443 19604 19201 19232 19440 19673 18945 18945 18750 19000 19120 19266 19336 19624 19783 19595 19595 19579 19580 19310 19954 19844 19601 19387 19309 19309 19309 19092 18827 19092 19022 19021
