WATER BALANCE/maps/.ipynb_checkpoints/B6_use-checkpoint.asc
ncols        584
nrows        693
xllcorner    28.441975293445
yllcorner    -22.589076843095
cellsize     0.000277783505
NODATA_value 0
[rows 494 to 531 of 693, columns 255 to 339 of 584]
19054 19548 19548 19703 19687 20846 20594 19377 18676 18561 19090 19090 19158 19074 18803 18445 17745 18270 19529 19496 19496 19496 19327 19292 19665 19507 19663 19761 19583 19373 19373 19445 19417 19165 19501 19526 19450 19701 19446 19446 19544 19146 19985 19529 19663 19584 19052 19178 19178 19178 18939 19076 19246 19161 19634 19759 19787 20095 20095 20447 20293 19004 19371 19530 19515 19080 18635 18635 19145 19499 19839 19792 18956 18616 18999 20228 20228 20228 18850 18308 19051 19045 18661 18747 18868
19132 19216 19216 19614 20262 20948 20470 19593 18823 18839 18808 18808 18949 18951 18703 18906 18765 18863 18972 18936 18936 18936 19697 19702 19071 19149 18987 19318 19541 19470 19470 19230 18562 18704 18867 19405 19176 19468 19454 19454 19735 19274 19305 18789 19421 19332 18703 18953 18953 18953 19006 18794 18790 18912 19210 19607 19646 19280 19280 19366 18754 18900 19531 19843 19228 18664 19114 19114 19200 19458 19689 18961 18715 19415 20389 20041 20041 20041 18850 18308 19051 19045 18661 18747 18868
19022 19364 19364 19976 20499 20274 19967 19354 19224 19116 19006 19006 18688 18354 18792 19394 19300 19277 19129 19165 19165 19165 19570 19208 18967 19108 19358 19583 19676 19662 19662 19685 19226 18966 18952 19341 19407 19826 19602 19602 18969 18882 19015 18856 19211 19248 18957 18648 18648 18648 18867 18981 19014 18935 18958 19100 19573 18602 18602 18240 19218 18755 19772 19349 18396 18318 18806 18806 18837 19115 19552 19201 19385 19918 19702 19039 19039 19039 18334 18650 19387 19609 19055 18943 19016
19192 19718 19718 20336 20646 19700 19089 19871 19972 19781 19364 19364 18899 18670 19149 19197 19203 19254 18976 19132 19132 19132 19100 19067 19274 19313 19231 19555 19801 19429 19429 19200 19387 19158 18888 19446 19449 19472 18985 18985 18629 18667 19036 19292 19112 19046 19200 19073 19073 19073 18832 19162 18905 19110 19118 18987 19338 19233 19233 18641 18956 18467 19461 19304 18427 18110 18773 18773 19109 19381 19193 19618 19601 19441 19159 18785 18785 18785 18659 19051 19840 20112 19112 18581 18578
19192 19718 19718 20336 20646 19700 19089 19924 20407 19446 19204 19204 18973 19146 19396 19152 19163 19032 19305 19133 19133 19133 19202 19233 19066 19266 19047 19196 19465 19206 19206 19108 19355 18987 18666 19064 19092 19122 19127 19127 18865 18842 19193 19513 19006 19001 19219 19266 19266 19266 19209 19304 19178 18958 19516 19983 20466 20495 20495 19496 18416 18299 18846 18865 18609 18572 19411 19411 19676 19170 18972 18903 19056 19153 18824 18817 18817 18817 18650 18320 18715 18861 19347 18951 19095
19469 19778 19778 19942 20436 19109 18546 19924 20407 19446 19204 19204 18973 19146 19396 19152 19163 19032 19084 18887 18887 18887 18909 19051 19368 19417 19333 19623 19577 18934 18934 18855 18976 19074 18973 18578 19021 19314 19232 19232 19368 19556 19734 19458 19401 19729 19405 19284 19284 19284 19161 19067 19349 19114 19316 20097 20577 21027 21027 21620 20505 18636 18896 18688 18423 18842 19119 19119 19008 18603 18874 19527 19024 18433 18442 17726 17726 17726 18083 18081 18762 18698 18260 18256 17861
19791 19791 19678 19714 19505 19422 20023 19832 19817 19656 19656 19162 18581 18655 18755 18703 18808 18931 19084 19084 19084 18887 18909 19051 19368 19417 19333 19623 19577 19172 19297 19046 19033 19057 19427 19001 18704 19149 19057 19057 19298 19656 19720 19456 19383 19549 19451 19266 19266 19266 19199 19278 19052 18853 19311 19819 20306 21096 21096 21864 21830 18225 18333 18303 18807 18952 18919 18919 19019 18944 19086 19380 19108 18804 18609 18023 18023 18023 17761 18276 18910 18662 18562 18363 18181
20103 20103 19574 18926 18550 18926 19577 20124 19847 19577 19577 19303 18897 18788 18777 18805 18657 18833 18964 18964 18964 18694 18884 19318 19337 19133 19023 19017 19172 19172 19297 19046 19033 19057 19427 19001 18704 19149 19149 18904 18856 19352 19723 19512 19193 19059 19053 19053 19053 19318 19129 18892 18722 19451 20234 20789 20729 20729 20924 20919 20674 18032 17537 18595 18934 18880 18880 18785 18924 19023 18919 19201 19200 18906 18614 17990 17990 17990 17849 18365 18538 18788 18632 18571 18467
20149 20149 19123 18055 18703 19142 19630 20067 19759 19599 19599 19211 18937 19191 18919 19205 18831 18905 19486 19486 19486 19226 19154 19054 18981 18709 18793 18662 18975 18975 18836 18669 19169 19065 18847 18966 18866 19258 19258 18904 18856 19352 19723 19512 19193 19059 19053 19053 19053 19318 19024 19571 20038 20208 20256 19698 20372 20372 21024 20956 19994 19075 17671 17738 18885 18868 18868 18723 18663 18962 19025 18901 18981 19025 18898 18898 18898 17837 17813 18593 19112 19549 19473 19263 18580
20245 20245 19164 18213 19559 20083 20112 20099 19645 19552 19552 19582 19438 19502 19170 18938 19265 18882 19226 19226 19226 19047 19235 19192 19056 18819 18704 18649 18945 18945 19000 18762 19107 18741 18528 18961 18865 18988 18988 18278 18924 19050 19231 18790 18735 18801 18830 18830 18830 18763 19024 19571 20038 20208 20256 19698 20372 20372 21024 20956 19299 19577 17899 16771 18671 19033 19033 18821 18521 18824 19152 19132 18818 18798 18836 18836 18836 17798 17517 18746 18651 19342 19380 19615 18618
19913 19913 19165 18558 19949 20034 19662 19416 19502 19401 19401 19737 19767 19822 19651 19265 19125 19165 19532 19532 19532 19452 19697 19550 19004 18895 18904 18762 18981 18981 19107 18945 18924 18708 18943 19200 19345 18948 18948 18824 18594 18713 18835 18688 18572 18741 18851 18851 18851 19375 20390 20609 19275 19144 18997 19270 20012 20012 20845 20268 19299 19577 17899 16771 18671 19033 19033 18821 18521 18824 18932 19279 19131 18701 18951 18951 18951 18629 17714 18756 19006 19197 19571 20064 19028
19618 19618 18565 18492 19434 19354 19158 19125 19413 19638 19638 19608 19490 19591 19605 19540 19471 19585 19683 19683 19683 19783 19723 19466 19225 19118 18961 18662 18590 18590 18867 19121 19123 19051 19447 19250 19217 19191 19191 19024 18802 18862 19034 19071 19332 20315 20881 20881 20881 21150 20145 19286 19204 18903 19072 19374 19682 19682 19902 19615 19301 19105 18175 16277 18432 19067 19067 18900 18806 18988 18932 19279 19131 18701 18951 18951 18951 18629 17714 18756 19006 18999 19166 19363 19472
19455 19455 18898 19233 19536 19327 19177 19496 19243 19307 19307 19213 19229 19426 19281 19340 19408 19697 19395 19395 19395 19315 19174 19386 19298 19228 18788 18806 19000 19000 19108 19056 19076 19017 19179 19547 19355 18879 18879 18470 19299 19513 19777 21121 21042 20792 20276 20276 20276 19432 19195 19107 18882 18944 18884 18979 19247 19247 19446 19491 19343 18836 18190 17263 17960 18571 18571 18749 18691 18772 19055 19168 19231 18992 18799 18799 18799 18368 18145 18467 18795 18999 19166 19363 19472
19296 19296 18920 19264 19619 19578 19462 19716 19274 19355 19355 19398 19309 19450 19014 19126 19073 19565 19010 19010 19010 19010 19174 18979 18799 19068 18734 18997 19381 19381 19484 19744 19460 19129 19230 19029 18339 18253 18253 18787 20391 20821 21098 21453 19442 18872 19131 19131 19131 19128 18990 18979 18676 18961 19005 19065 19332 19332 19406 19611 19458 19202 18604 17172 18452 18322 18322 18503 18679 18801 18874 19224 19288 19034 18931 18931 18931 18573 18349 18832 18869 19025 19199 18942 18889
18708 18708 18890 19666 19778 19788 19626 19696 19274 19253 19253 19158 19485 19572 19338 19376 19373 19479 19272 19272 19272 19210 19461 18850 19183 19133 19148 18890 19268 19268 19233 19374 18895 18812 18734 18352 18088 19262 19262 20355 20592 20052 19470 20309 19181 18572 18613 18613 18613 19260 19236 18674 18607 18721 18879 18722 19229 19229 19351 19485 19786 19486 18821 17526 19513 18515 18515 18695 19242 19013 19061 19052 19073 18959 18875 18875 18875 18235 17961 18660 18852 18983 19666 19490 19558
18708 18708 18890 19666 19778 19788 19626 19696 19274 19253 19231 19088 19277 19450 19528 19296 19139 19319 19375 19375 19375 19337 19047 18791 18702 18881 18928 18679 18604 18604 18450 19061 19689 20318 20598 20634 19867 19559 19559 18970 18910 19107 18868 18616 19162 18969 18770 18770 18770 18699 18636 18627 18356 18238 18369 18234 18524 18524 18837 19140 19158 18997 19403 19499 19200 19339 19339 18447 19493 19598 19029 19083 18953 19218 18486 18486 18486 17512 18291 18942 18980 19318 19936 19619 19907
19917 19917 19583 19328 19340 19639 19742 19691 19491 19231 19231 19088 19277 19450 19528 19296 19139 19319 19375 19375 19375 19338 19277 19282 19265 19087 19064 18996 19040 19040 19853 20667 20941 20163 19804 19072 19310 19239 19239 18869 18910 19159 18974 18796 19329 18944 18755 18755 18755 18833 18267 18428 18389 18761 18343 18416 18796 18796 19060 19042 19077 18719 19184 19421 19287 18698 18698 18686 19350 19273 18885 19149 19087 19272 19189 19189 19189 18512 18832 19243 19450 19663 20023 20021 20230
19559 19559 19436 19344 19577 19756 19298 19326 19364 19447 19447 19426 19693 19304 19419 19454 19225 19353 19789 19789 19789 19338 19277 19282 19265 19087 19064 18996 19040 19040 19853 19965 19331 19234 19315 19073 19384 19303 19303 18991 19229 19476 19675 18899 19572 18931 18533 18533 18533 18796 18532 18536 18448 18903 18983 18956 18930 18930 18980 18826 19061 18899 18903 18819 18809 18255 18255 18133 18851 19211 18958 18818 19156 19400 19299 19299 19299 19088 19796 19567 19894 20007 20177 20225 20116
18968 19331 19368 19467 19549 19667 19186 19407 19286 19286 19283 19418 19598 19541 19454 19074 19122 19043 19043 19197 19197 18481 18982 19422 19295 19237 19725 20088 20088 20494 20815 19965 19331 19234 19315 19073 19384 19303 19303 18991 19229 19461 19615 19185 19277 19184 18084 18084 18084 18674 18535 18775 19404 19123 18631 18634 18884 18884 19107 18769 18767 19285 19218 18727 18538 18557 18557 17908 18860 19319 18937 18669 19125 19503 19428 19428 19428 19127 20327 19365 19756 19408 19517 18721 19264
19416 19459 19330 19171 19195 19412 19287 19390 19057 19057 19237 19399 19562 19420 19255 19308 19093 18667 18667 18747 18747 18808 19528 19706 19682 20203 20501 20798 20798 20156 18706 18535 18819 19157 19401 19195 18976 18976 18786 19240 19244 19461 19615 19185 19277 19184 19184 18084 18084 18674 18535 18775 18664 18935 18156 18593 18593 19015 19147 18687 18679 19143 19555 19321 18979 18979 18724 18111 18466 18767 18804 18943 18769 19303 19087 19087 19087 18028 19560 19247 19356 19256 19146 19142 19050
19639 19550 19367 19279 19110 19258 19393 19148 19092 19092 19359 19224 19156 19029 18996 18809 18646 18699 18699 19340 19340 19531 20291 20738 21323 20550 20040 19272 19272 18983 18585 19008 19063 19091 19374 18962 18473 18473 18163 18641 18847 18564 18294 18495 19088 19290 19290 18705 18705 18674 18529 18623 18664 18935 18156 18593 18593 19015 19147 18687 18679 19143 19520 19689 19550 19550 19022 18208 18258 18802 18842 18644 18896 19158 19158 18755 18755 17971 18682 19207 19247 19388 18945 19064 19064
19521 19304 19274 18994 18960 19112 19411 19095 18916 18916 19209 18442 18561 18800 18686 19139 19031 18764 18764 19996 19996 21262 21263 21204 19855 19363 19037 19226 19226 19139 19309 19304 19163 18889 19024 18624 18939 18939 18675 18433 19055 18476 18129 17890 18562 19124 19124 18801 18801 19014 18824 18576 18633 19004 18689 18805 18805 19208 19025 18475 18266 18770 19520 19689 19550 19550 19022 18208 18258 18802 18842 18644 18899 18897 18897 18869 18869 17978 18144 18761 19104 19386 18986 19148 19148
18972 18967 18983 18992 18979 18856 19040 19130 18838 18838 18989 19123 19516 19028 19088 19519 20214 20996 20996 21370 21370 20751 19886 19294 18536 19441 19529 19321 19321 19382 19427 19301 19417 19266 19265 18424 18539 18539 18717 18326 19043 18892 18014 18300 18415 19426 19426 19284 19284 19001 18691 18742 17906 19088 19296 19132 19132 19025 18887 18638 18763 18591 19229 19581 19750 19750 19413 18699 17801 17926 18859 18830 18899 18897 18897 18869 18869 17978 18144 18761 19104 19386 18986 19148 18911
18594 18653 18630 18704 18503 18877 18858 18986 19083 19083 19496 19326 19189 19863 20439 21555 21601 21068 21068 19815 19815 19724 19626 18967 18598 19482 20267 20041 20041 19676 19437 19368 18852 19227 19219 19274 19820 19820 19398 19006 18631 18819 17857 17822 18125 18880 18880 19501 19501 18489 18232 18169 18297 18383 19205 18686 18686 18700 18806 18618 18518 18843 18988 19243 19617 19617 19521 19161 18316 17489 18593 18506 18659 18804 18804 19052 19052 18732 18565 19040 19362 19282 19261 18911 18911
18889 18618 18511 18816 19233 19166 19012 19212 19227 19227 19692 20134 21075 21521 21445 20525 19896 19333 19333 19732 19732 20076 19925 19643 18969 19506 20238 20344 20344 19584 19051 19480 19540 19229 18627 18623 18858 18858 19406 19178 18429 18206 18184 18920 18578 18400 18400 19163 19163 18298 18267 18062 18227 18260 18865 18965 18965 18836 18605 19058 18976 19447 19285 19219 19463 19463 19507 19255 19233 18222 17826 18985 18834 18795 18795 19232 19232 18950 18588 19633 19411 19395 19776 19424 19424
18889 18618 19175 18991 19271 19656 20489 20871 20587 20587 20151 19657 19752 19444 19349 19125 19435 19453 19453 19280 19280 19831 19431 20160 20937 21049 20493 20233 20233 19251 19147 18630 18809 18562 18324 18348 18564 18564 18659 18550 18957 18480 18417 17924 18657 19014 19014 19293 19293 18634 18405 18227 18791 18189 18143 18479 18479 18939 18881 18621 18948 18877 18822 18999 19287 19287 19432 19528 19588 18958 18010 19491 19519 19386 19386 19335 19335 19016 18643 19181 19270 19119 19024 19300 19300
18799 19113 19175 18991 19271 19656 20489 20871 20587 20587 20151 19657 19752 19421 19419 19344 19291 19555 19555 18860 18860 19145 19375 20089 20804 20358 19883 20014 20014 19065 18713 18570 18879 18622 18657 18818 18852 18852 18324 18701 18651 18707 18775 18810 18997 18818 18818 19453 19453 18488 18273 18650 18739 18156 18772 18580 18580 18923 19160 19166 19447 19544 19658 19378 19748 19748 19627 19377 19715 19301 17646 19655 19647 19645 19645 19623 19623 19468 18227 18358 18984 18771 19220 19319 19319
19032 19421 19432 19614 20314 21220 21340 20648 19427 19427 19625 19237 19404 19421 19419 19344 19291 19555 19555 18860 18860 19145 19375 20089 20106 19310 19083 19099 19099 18880 18380 18798 18967 18889 19112 19493 19545 19545 19104 19201 18530 18495 18766 18744 19069 18630 18630 18688 18688 19268 18348 18215 18840 18004 19071 18996 18996 19164 19438 19704 20582 20225 20555 19847 20031 20031 19953 19480 19147 19059 18110 19148 19742 19392 19392 19449 19449 19818 18577 18065 18641 18648 19112 19315 19315
19483 20058 20403 20849 20663 20156 19914 19635 19309 19309 19495 19551 19392 19351 19455 19419 19343 19666 19666 19059 19059 19528 19571 19819 20106 19310 19083 19099 19099 18880 18380 18798 18967 18889 19364 19623 19378 19378 18975 18831 17549 17584 18593 18537 18821 18809 18809 18645 18645 19845 18975 18673 19021 18655 18855 19304 19304 19688 19518 19422 19503 19890 20439 20705 20994 20994 20885 20355 19974 20038 19300 18165 19302 19355 19355 19300 19300 19850 19855 19085 18263 18538 18966 19397 19397
20711 20688 20288 19574 19481 19407 19174 19206 19508 19508 19328 19262 19272 19257 19389 19324 19239 19397 19397 20188 20188 20084 19673 19454 19376 19195 19034 18626 18626 18669 18677 18833 19275 19240 19364 19623 19378 19378 18975 18831 17549 17584 18593 18537 18801 18689 18689 18661 18661 19483 19111 18446 19398 18588 18423 19062 19062 19130 18974 19284 19116 19596 20161 20535 20622 20622 20757 20266 19995 20348 20103 17267 18327 19874 19874 19506 19506 19466 20127 19754 18496 18248 18641 18937 18937
19677 19350 19293 19106 19156 19376 19161 19628 19628 19432 19678 19570 19368 19209 19495 19432 19114 19114 19243 20327 20327 20078 20119 20354 19929 19666 19170 19170 18907 19106 19208 19345 19253 19067 19192 19637 19585 19585 18795 18362 17881 17776 18033 18493 18801 18689 18689 18661 18661 19483 19111 18446 19398 18588 18423 18927 18927 18805 18852 19163 18351 19173 19437 19748 19570 19570 19878 19901 19881 20199 20239 17567 17938 18410 18410 18342 18342 18592 19700 19682 18533 18229 19001 19162 19162
18844 18565 18743 18910 18821 19020 19080 19598 19598 19478 19518 19401 19496 19136 19346 19933 19894 19894 20087 20260 20260 19711 19791 20160 19316 19915 19307 19307 19599 19879 19099 18856 19148 19232 19070 19247 19247 19159 18606 18041 18009 18703 18005 17728 18337 18337 18751 17913 17913 19219 18517 18527 19341 18410 18015 18015 18927 18805 18852 19163 18351 19173 19437 19748 19748 19350 19888 19972 19821 19658 19669 18400 18463 18463 18517 17672 17672 17651 17919 19020 19055 18184 19131 19091 19091
18560 18881 18885 18781 18591 18822 18931 19142 19142 19267 19415 19204 19410 19476 19478 19686 20327 20327 20949 20025 20025 19596 19065 19255 19724 19797 19379 19379 19054 18951 19279 19351 18923 18952 19252 19287 19287 18687 19118 19379 18116 18624 18278 18990 18680 18680 19389 17924 17924 19047 17882 18969 18952 18948 18883 18883 19298 19354 18896 19538 19064 18864 19389 19706 19706 19350 19888 19972 19821 19658 19669 18400 18463 18463 18517 19502 19502 18199 17344 18740 19221 18617 18746 18746 19021
19445 19576 19327 19188 18956 18995 19287 19226 19226 19305 19533 19404 19518 19637 19520 19358 19633 19633 20768 20486 20486 19654 19178 19283 19089 19122 18759 18759 19040 19313 19128 19351 19358 18971 19101 18948 18948 18747 19014 19381 19028 18856 18278 18478 18446 18446 19640 18373 18373 18406 19072 18991 19044 19721 19489 19489 19265 19241 19008 19245 19500 18866 19514 19159 19159 18951 19380 19716 20261 20031 19400 19758 19560 19560 20060 19502 19502 18199 17344 18740 19221 18617 18746 18746 19021
18734 18622 18542 18946 19026 19195 19091 19738 19738 19688 19782 19140 19361 19070 19244 19480 19760 19760 19445 19301 19301 18973 19207 19067 19479 19646 19411 19411 19215 19019 19845 19500 19097 19101 18684 19311 19311 18592 18403 18409 18234 18113 17919 18645 19089 19089 19767 19637 19637 19401 19229 19143 18979 19353 19687 19687 18269 18713 19058 19053 19735 18872 18843 19142 19142 19148 18949 18487 18557 19187 19654 19403 20272 20272 20006 19607 19607 19718 20215 20563 20828 20735 20128 20128 19844
18734 18622 18542 18946 19026 18927 19110 19107 19107 19652 19888 19998 19847 19256 19350 18933 19029 19029 19240 19147 19147 19032 19453 19621 19188 18663 19123 19123 19798 19429 19425 19397 19505 19324 19007 19393 19393 18681 18525 18639 19259 18997 18229 18951 19607 19607 19471 19299 19299 18959 19010 18667 18761 18773 19175 19175 19067 18107 19338 19501 19596 18502 18834 19118 19118 18355 19004 18313 18821 19342 19625 19611 19819 19819 19769 19113 19113 19044 19477 19973 20061 19607 19602 19602 19640
18510 18578 18598 18704 18700 18927 19110 19107 19107 19652 19888 19998 19847 19256 19350 19553 19261 19261 18901 19128 19128 19226 19366 19106 18671 18340 18799 18799 19277 19264 18624 19081 19704 19770 19440 19435 19435 19357 19305 19164 18203 18487 19052 18944 18957 18957 18733 18687 18687 19330 19644 18549 18800 18854 18865 18865 18483 18268 19123 19631 19388 18829 18887 18604 18604 18269 18806 18894 19437 19017 19275 19331 19310 19310 19631 19163 19163 19311 19338 19794 19832 19792 18776 18776 19113
18348 18402 18639 18854 18875 18788 18842 18842 18842 19534 20081 20939 20369 19895 19756 19553 19261 19261 18901 19128 19128 19226 19366 19106 18671 18340 19060 19060 19225 19147 18752 18563 18730 19092 19359 19636 19636 19652 18945 18911 18620 18374 18111 18073 18602 18602 18919 19075 19075 19339 19410 18768 19194 19344 18608 18608 18009 18559 19068 19448 18988 19104 19127 19051 19051 19068 18913 18355 18487 18959 19213 19023 19442 19442 19922 19524 19524 19248 19296 19612 19604 19452 19480 19480 19502
