WATER BALANCE/maps/.ipynb_checkpoints/B6_use-checkpoint.asc
ncols        584
nrows        693
xllcorner    28.441975293445
yllcorner    -22.589076843095
cellsize     0.000277783505
NODATA_value 0
[rows 190 to 227 of 693, columns 85 to 169 of 584]
18652 18638 18518 19183 19009 18672 18672 19254 19174 18218 18720 19078 18502 18090 17933 17933 17880 17998 17902 18370 18801 19002 19002 18536 18556 18556 19048 19272 19274 18064 18318 18046 17683 18263 18263 18624 17684 17877 18073 18054 18217 18331 18591 18591 18204 18252 17574 17534 18147 18400 18400 19176 19591 19591 19094 18150 17836 17824 17846 17929 18002 17750 17750 17280 17241 17496 17367 17528 17412 17427 17485 17485 17447 18313 17931 18033 18223 18078 18078 18358 18314 18314 18420 18674 18896
18059 18243 18300 18505 18402 18548 18548 18297 19110 19177 18859 19277 18283 17800 17685 17685 17647 17783 17749 17575 18084 17718 17718 18429 18039 18039 18509 19207 19337 18236 17931 17868 17419 17690 17690 18040 17684 17877 18073 18054 18217 18331 18591 18591 18204 18252 17841 17663 17976 18358 18358 18605 18905 18905 18679 17922 17653 17698 17839 18067 18274 17550 17550 17288 17115 17138 17281 17413 17570 17459 17507 17507 17810 18182 18098 17968 18000 18000 18000 18164 18233 18233 18422 18780 19213
18330 18219 18588 18522 18230 18304 18304 18599 19457 19797 18912 18936 17983 17698 17610 17610 17524 17643 17644 17373 17396 17506 17506 18010 18085 18085 18489 18935 18693 18161 17865 17774 17725 17574 17574 17424 17523 17698 17798 18084 18170 18259 18463 18463 18787 18495 17841 17663 17976 18358 18358 18605 18905 18905 18679 17922 17653 17698 17787 17867 17946 17789 17789 17388 16941 17500 17682 17705 17768 17883 17692 17692 17629 17828 18157 17732 17772 18016 18016 18032 18066 18066 18092 18478 19052
18232 18645 18378 18257 18307 18743 18743 19344 19463 19814 19357 18468 18274 17904 17639 17639 17564 17792 17658 17595 17388 17620 17620 18038 18422 18422 18588 18600 18066 18022 17964 17802 17568 17531 17531 17466 17369 17502 17666 17747 17895 18275 18529 18529 18570 18418 18237 18002 18124 18113 18113 18115 18229 18229 18201 17831 17606 17602 17787 17867 17946 17789 17789 17388 16941 17500 17682 17705 17768 18233 18118 18118 18187 17848 17963 18195 18133 18036 18036 17928 17217 17217 17499 17681 18142
18308 18622 18564 18675 18525 18512 18512 19127 19110 19557 19538 19266 15010 17605 17657 17657 17579 18036 18071 17670 17286 17174 17174 18031 17939 17939 17698 17656 18023 18196 17637 17588 17615 17427 17427 17796 17824 17752 17628 17777 17990 18154 18713 18713 18618 18241 18196 18529 18570 18287 18287 18497 18507 18507 18335 18182 18108 18036 17621 17726 17795 17491 17491 17560 17357 17582 17488 17595 17908 18233 18118 18118 18187 17848 17963 18195 18133 18036 18036 17928 17217 17838 17560 17759 17830
18436 18383 18918 18782 18605 18788 18788 18995 19100 19465 19502 19435 17013 17819 17791 17791 17967 18210 18241 17946 17484 17201 17201 17471 17530 17530 17659 17865 17968 17783 17395 17566 17784 17796 17796 17807 17780 17800 18001 17999 17963 18157 18846 18846 19194 18863 18547 18572 18628 18696 18696 18696 18329 18329 18415 18009 17897 17825 17328 17260 17286 17350 17350 17430 17439 17487 17608 17373 18070 18142 18065 18065 17994 17985 18112 18454 18187 17998 17998 17933 17838 17838 17560 17759 17830
18494 18421 18675 18902 18689 18851 18851 18772 19200 19477 19585 19477 18340 18270 18093 18093 17925 17930 18162 18183 17555 17187 17187 17216 17371 17371 17550 17506 17551 17670 17633 17899 18232 18450 18450 18199 18014 18057 18068 17828 17682 17775 18669 18669 19181 19087 18861 18870 18938 19003 19003 19035 18717 18717 18423 17747 17714 17368 17201 17229 17334 17375 17375 17417 17397 17348 17375 17225 17476 17867 18080 18080 18091 18127 18272 18538 18281 17975 17975 17852 18023 18023 17999 17919 17660
18655 18513 18709 18955 18861 18553 18553 18756 18965 19190 19551 19574 17628 18330 17966 17966 18020 17815 17961 18350 18121 17596 17596 17405 17589 17589 17620 17633 17680 17836 18104 18405 18728 18920 18920 18733 18472 18263 17981 17548 17514 17901 18610 18610 18995 19163 19081 19123 18972 19263 19263 19018 18587 18587 18444 17898 17723 17291 17357 17580 17759 18108 18108 18021 17772 17599 17382 17233 17042 17299 18052 18052 18281 18152 18394 18372 18531 18510 18510 18306 18184 18184 18042 17876 17557
18655 18513 18709 18955 18861 18553 18553 18863 18613 19264 19401 19205 15710 18273 17710 17710 17782 17981 18091 18521 18164 17526 17526 17502 17462 17462 17661 17408 17520 18250 18643 18904 19149 19155 19155 19265 18858 18756 18407 17783 17922 17986 18627 18627 19245 19260 19280 19478 19633 19079 19079 18555 18495 18495 18414 17882 17613 17751 17618 17767 17910 18155 18155 18292 18272 17727 17237 17151 17209 16880 17689 17689 18298 18258 18379 18409 18297 18579 18579 18547 18377 18377 18409 18252 18068
18944 18375 18509 18865 18870 18336 18336 18863 18613 19264 19401 19205 15710 18273 17710 17710 17782 17981 18112 18354 18229 17698 17698 17363 17671 17671 17723 17326 17860 18662 19101 19227 18999 18919 18919 19071 18595 18765 18813 18722 18526 18344 18736 18736 19323 19428 19328 19370 19246 18902 18902 18547 18679 18679 18673 17816 17703 17208 17580 17632 17527 17696 17696 18258 18326 17870 17725 17248 17436 17034 17525 17525 18042 18396 18274 18430 18239 18459 18459 18574 18536 18536 18791 18680 18517
18670 18522 18598 18634 18527 18527 18533 18757 18880 19283 19253 19011 16205 17958 17958 17490 17628 17802 18112 18354 18229 17698 17698 17363 17363 17671 17723 17326 17860 18662 19002 18913 18821 18821 18807 18798 19030 19125 19011 18927 18886 18891 18891 19058 19745 19158 19180 19350 19259 18793 18793 18521 18521 18632 18943 17802 17577 17463 17414 17473 17804 17804 18155 18634 18609 18269 18284 17949 17626 17540 17540 17877 18085 18334 18242 18443 18489 18552 18552 18539 18539 18508 18493 18318 18405
18891 18747 19069 19024 18400 18400 18516 18806 18912 19216 19391 18392 17780 17756 17756 17282 17287 17623 18021 18314 18309 17871 17871 17482 17482 17558 17605 17778 18344 18857 19002 18913 18821 18821 18807 18798 19030 19125 19011 18927 18886 19297 19297 19550 19558 19224 19109 19226 19359 18806 18806 18538 18538 18489 18701 18180 17926 17586 17316 17137 17554 17554 18054 18827 18787 17912 18131 18365 18286 17996 17996 18111 18376 18464 18587 18794 18640 18513 18513 18509 18509 18571 18462 18444 18235
19231 18920 18731 18798 18526 18526 18537 18609 18832 19547 19679 17969 18276 17723 17723 17500 17639 17758 17994 18138 17992 17807 17807 17722 17722 17794 17842 18294 18683 18564 18721 19017 18625 18625 18880 18910 19084 19090 19064 19082 19038 19297 19297 19550 19558 19224 19109 19226 19359 18806 18806 18538 18557 18602 18604 18663 18406 17776 17324 17416 17370 17370 17534 18327 18792 17642 18024 18205 18437 18336 18336 18385 18515 18679 18882 18799 18738 18538 18538 18486 18486 18449 18489 18555 18443
18986 19207 19173 19334 19038 19038 18822 18503 18693 19705 19300 18246 18353 17701 17701 17797 17751 18190 17946 17862 17456 17885 17885 18156 18156 18465 18513 18866 19127 18923 18947 19184 19099 19099 18738 18864 18632 18606 18973 19167 19179 19462 19462 19517 19329 19036 18951 18771 18943 18946 18946 18557 18557 18602 18604 18663 18406 17776 17324 17416 17370 17370 17534 17497 18245 18748 18174 18135 18398 18513 18513 18321 18374 18638 18405 18477 18273 18638 18638 18975 18975 18384 18214 17977 18175
18757 18933 18751 19078 19412 19412 19206 18894 18745 18989 19057 18839 18800 18450 18450 18275 18544 18807 18900 18896 18963 19274 19274 19561 19561 19761 19644 19303 19079 19149 19693 19688 19536 19536 19625 18731 18158 18777 19154 19385 19511 19282 19282 18870 19229 19066 19071 19254 19072 19054 19054 19081 19081 18952 18712 18874 18601 18637 18196 17412 17470 17470 17397 17497 18245 18748 18174 18135 18398 18513 18513 18321 18374 18638 18131 18400 18411 18545 18545 18924 18924 18440 18088 17926 18062
18923 19348 19836 19474 19612 19612 19385 19445 19519 19163 19131 19039 19546 19217 19217 19554 19832 20061 20074 20019 20024 19859 19859 19737 19737 19280 19443 19409 19256 19127 19774 19611 19583 19583 19432 19342 19361 19218 19028 19255 19131 18854 18854 18472 19409 19080 19194 18984 19387 19334 19334 19703 19703 19565 19149 19193 18814 18736 18629 18290 18076 18076 17561 17553 17623 17900 17903 17907 17884 18190 18190 18427 18365 18083 17845 18225 18406 18410 18410 18624 18624 18609 18072 17965 18099
19181 19169 19735 19525 19640 19640 19633 19509 19628 19759 19175 18902 19278 19182 19182 19529 19626 19799 19769 19848 19825 19485 19485 19146 19146 19448 19846 19492 19193 19294 19339 19241 19300 19300 19114 19180 19231 18775 18833 18823 19096 18959 18959 19082 19813 19288 19114 18311 19165 19650 19650 19342 19342 19277 19060 19308 18802 18766 18834 18857 18551 18551 17530 17711 17719 17673 17634 17978 18379 18550 18550 18627 18505 18284 18029 18310 18411 18188 18188 18015 18015 18337 18659 18234 18162
19181 18985 19393 19061 19048 19048 19397 19690 19398 19130 18816 18784 19232 19312 19312 19377 19729 19681 19703 19362 18985 18628 18628 19045 19045 19230 19704 19308 19058 19066 19068 19148 19446 19446 19249 19198 19329 19194 19191 18816 19108 19210 19210 19157 19466 19721 19361 19396 19474 19500 19500 19349 19349 19209 19044 19190 19006 18888 18884 19167 19089 19089 18345 17818 17684 17474 17399 17844 17964 18029 18029 18368 18585 18640 18432 18151 18266 18297 18297 18192 18192 18041 18137 18777 18514
18993 18985 19393 19061 19048 19048 19397 19690 19398 19130 18816 18784 19232 19299 19299 19406 19449 19181 19015 18911 19125 19372 19372 18983 18983 18849 19283 19076 19033 19163 19253 19272 19412 19412 18993 19125 19354 19363 19205 19258 19227 19175 19175 19238 19528 19462 19341 19622 19680 19240 19240 19007 19007 19175 19209 18964 19168 18938 19050 19128 19188 19188 18953 18395 17986 17815 17642 17624 17616 17875 17875 18146 18167 18144 18198 18050 18186 18363 18363 18265 18265 17991 18092 18499 18703
18854 18641 18884 18976 19107 19107 19150 19296 19171 18841 18590 18742 19232 19299 19299 19406 19449 19181 19015 18911 19125 19372 19372 18983 19194 19142 18956 18849 18833 19171 19458 19069 19224 19224 18968 19046 18935 19037 19097 19163 19219 19187 19187 19226 19391 19047 19095 19162 19633 19248 19248 18682 18682 19021 19223 19032 19178 19051 19003 19128 19138 19138 19507 18983 18163 18055 17881 17576 17558 17763 17763 17949 17746 17818 18004 18202 18282 18349 18349 18176 18176 18005 17963 18065 18706
19503 19194 18766 18334 18896 18896 19046 19006 18744 18585 18692 18832 19082 19091 19091 18948 18816 18754 18746 18880 19091 19453 19453 19194 19194 19142 18956 18849 18833 19171 19458 19069 19224 19224 18968 19371 19236 19061 19266 19319 19158 19428 19428 19410 19281 19145 19197 18863 19305 19320 19320 18899 18899 18785 19038 19317 19311 19070 18687 19210 19024 19024 19480 19005 18382 18349 18031 17728 17609 17608 17608 17703 17758 17867 17963 18028 18158 18366 18366 18511 18511 18240 18052 18110 18296
19910 20010 19157 19290 19349 19349 19118 19222 18835 18497 18898 18915 18896 18897 18897 18579 18407 18478 18255 18320 18784 19640 19640 19246 19246 19259 18738 18934 19181 19405 19328 18885 19202 19202 19249 19371 19236 19061 19266 19319 19158 19428 19428 19410 19281 19145 18905 19024 18980 19021 19021 19021 19083 18711 18933 19513 19477 19328 19143 19301 19301 19112 19288 19076 18966 18510 18564 18123 17528 17528 17676 17537 17663 17810 18078 18200 18270 18376 18376 18376 18490 18644 18536 18532 18065
20002 19528 19141 19456 19456 19247 19101 19468 19259 18842 19363 19554 19317 19317 18985 18711 18623 18521 18065 18367 19439 19553 19553 19553 19152 19019 18795 19033 19426 18993 18917 18883 18883 18827 19153 19205 18692 19131 19190 19203 18963 18963 19052 19231 18882 18723 18905 19024 18980 19021 19021 19021 19083 18711 18933 19513 19477 19328 19276 18997 18997 19177 19448 19177 18985 18797 18878 18554 17983 17983 17914 18036 18007 18106 18253 18626 18874 18717 18717 18717 18463 18472 18489 18647 18757
19637 19625 19402 19132 19132 19792 19995 19602 19681 19826 19696 19611 19212 19212 19319 19132 19022 19050 19062 19126 18920 18963 18963 18963 19293 19157 19115 19137 19314 19074 19091 18690 18690 18589 18957 18729 18775 19145 18932 19023 18961 18961 18907 19063 19041 19073 19311 19185 18974 18971 18971 18971 18865 18612 18778 18999 18733 19193 19276 18997 18997 19177 19448 19177 18985 18797 18878 18554 18186 18186 17798 17861 18153 17955 17926 19293 19334 18926 18926 18926 18988 18927 18775 18958 19123
19763 19683 20165 19348 19348 19843 20089 19215 19410 19391 19445 19063 18925 18925 18819 18927 19307 19110 19378 19352 19504 19269 19269 19269 19179 19375 19346 19139 19285 18959 18507 18633 18633 18903 18926 19047 19023 19310 19314 19411 19146 19146 19073 19055 19078 18581 19013 19225 18970 18869 18869 18869 18935 18688 18685 18993 18888 19243 19045 18935 18935 18958 19357 18999 18669 18576 18486 18301 18186 18186 17798 17861 18153 17955 17926 19293 19334 18926 18926 18926 19548 19358 19606 19564 19330
19646 19863 19791 19342 19342 19310 19681 19010 19301 19311 19488 18788 18599 18599 18746 19085 19228 19202 19352 19195 19230 19278 19278 19278 19086 19206 18956 18881 18970 18402 18471 18949 18949 18910 18263 18622 18391 18856 19342 19744 19351 19351 19151 18919 18632 19025 19257 19351 19197 19242 19242 19242 19164 18667 18440 18730 18736 19002 19351 18903 18903 18767 19182 19001 18681 18952 18455 17863 18047 18047 17874 18001 18354 18183 17964 19378 19550 19560 19560 19560 19548 19358 19606 19564 19330
19987 20351 19697 19630 19630 19098 19038 18757 19146 19367 19275 19026 18886 18886 19081 19256 19112 19003 18953 19133 19386 19135 19135 19135 18876 18769 18553 18567 18721 18499 18400 18530 18530 18342 18304 18603 18496 18759 19148 19177 18729 18729 18524 18536 18850 18933 18944 19024 19208 19052 19052 19052 19105 18872 18478 18062 18574 18636 18864 18656 18656 19065 18909 18788 18626 19020 19241 18487 18334 18334 18396 18131 18927 19199 18652 19367 19363 19699 19699 19699 19492 19150 19366 18942 18968
19335 19528 19693 19648 19648 19500 19286 18829 18945 19053 19211 19242 18931 18931 19149 19265 19259 18990 18830 18983 18909 18842 18842 18842 18874 18611 18259 18318 18326 18046 17831 18045 18045 18195 18242 18367 18461 18505 18516 18433 18460 18460 18318 18075 18727 18762 18438 18338 18799 18968 18968 18968 18912 18658 18500 18122 18530 19001 19239 18906 18906 18687 18776 18730 18554 18841 19272 19250 18939 18939 18552 18391 18849 18735 18884 19229 19414 19504 19504 19504 19340 19241 18945 18907 18749
19335 19528 19693 19648 19648 19500 19653 18867 19399 19111 19305 19481 19383 19383 19168 19005 18956 18929 18991 18855 18571 18900 18900 18900 18598 18121 17953 18232 17933 17687 17493 17836 17836 17706 17861 18149 18300 18543 18498 18418 18523 18523 18241 18313 19101 18836 18388 18024 18504 19198 19198 19198 19008 18994 18569 18174 18637 18962 19110 18903 18903 18870 18539 18406 18448 18689 19014 19509 19253 19253 18769 19197 19269 19454 19704 18443 18149 18729 18729 18729 19165 19098 18980 18867 18826
19432 19318 19814 19649 19649 19790 19653 18867 19399 19111 19305 19481 19383 19383 19168 19005 18956 19178 19119 18614 18620 19337 19337 19337 18116 18293 18070 18079 17700 17785 17255 17434 17434 17253 18073 18550 18729 19036 18879 18959 19016 19016 18545 18800 19217 18276 17815 17796 17933 18519 18519 18519 19069 19205 19010 18371 18711 19424 19121 18917 18917 18856 18976 18698 18834 18553 19339 19852 19646 19646 19467 19104 19246 18704 18382 17805 17933 18310 18310 18310 18730 18879 18884 18772 18959
19102 19277 19550 19643 19643 19897 19479 18427 18826 19609 19437 19421 19157 19157 18832 18883 18883 19178 19119 18614 18620 19337 19337 19337 18116 18293 18070 18079 17700 17616 17663 17674 17674 17418 18655 18929 18945 18980 19015 19110 19082 19082 18846 19060 18938 18157 17955 17754 18071 18563 18563 18563 19112 18974 18982 18850 19270 20078 19630 19224 19224 18691 19161 19180 19402 19225 19160 19496 18844 18844 18631 18341 18226 18003 17876 18024 18216 18286 18286 18286 18401 18819 19052 18649 19311
18805 19407 19460 19463 19463 19547 19371 18362 17951 19218 19424 19415 19155 19155 18760 19063 18989 19100 18733 18218 18026 18700 18700 18700 18207 17931 17636 17719 17764 17616 17663 17674 17674 17418 18655 18929 18945 18980 19015 19110 18957 18957 19214 19564 19179 18701 17884 17925 17957 18380 18380 18380 19152 19199 19438 19134 19523 19482 19595 19056 19056 18830 19143 19041 19185 18824 19109 19131 18772 18772 18491 18374 18065 18206 18198 18286 18431 18247 18247 18247 18270 18481 19096 19290 19285
18518 18579 18872 18945 18945 18898 18980 18273 17857 18890 19282 19291 19019 19019 18876 19010 18823 18558 18458 18164 18036 18234 18234 18234 18004 17754 17865 18119 18463 18675 18819 18819 18819 18679 18893 18957 18889 19008 19036 19041 18957 18957 19214 19564 19179 18701 17884 17925 17957 18380 18380 18380 19141 19106 19520 19230 19019 18856 18861 18697 18697 18458 18511 18657 18744 19042 18966 18974 19102 19102 18915 18447 18235 18600 19072 18789 18431 18724 18724 18724 18535 18293 18427 19022 19327
19128 19263 18645 18680 18680 18508 18823 19179 19021 19391 19423 19114 18799 18799 18895 18841 19160 18842 18506 18441 18599 18598 18598 18598 18928 18880 18965 18970 18906 18913 18925 18859 18859 19259 19648 19494 19579 19603 19552 19480 19372 19372 19306 19116 18551 18116 18182 18196 18804 18983 18983 18983 19141 19106 19520 19230 19019 18856 18861 18697 18697 18458 18511 18009 17992 18774 19087 19047 19062 19062 18898 18887 18692 19155 19319 19256 19164 19390 19390 19390 19151 18845 18269 18905 19458
18153 18401 17856 17856 17902 18089 18706 19260 19384 19606 19285 18961 18961 18877 19085 19022 18956 18835 18641 18765 19015 19015 19015 18957 19167 19094 18989 19048 18898 18917 19050 19050 19270 19623 19569 19593 19539 19152 19536 19286 19286 19321 19255 19025 18583 18293 18129 18089 18634 18634 18634 19115 19163 19111 19077 18915 18673 18435 18318 18318 18129 18552 17987 18009 17992 18774 19087 19047 19047 19062 18898 18887 18692 19155 19240 19126 19161 19161 19161 19192 19111 19049 18554 18984 19526
18006 18336 17952 17952 18106 18308 18805 19257 18572 18867 18962 18843 18843 19223 19149 18979 18761 18734 19077 18958 18938 18938 18938 19107 19224 19256 19057 19204 19183 19168 19424 19424 19612 19563 19356 19475 19484 19293 19585 19465 19465 19388 19249 18876 18243 18530 18233 18623 18945 18945 18945 19101 19244 19239 18967 18902 18935 18411 18361 18361 18201 18343 17684 17762 17505 18081 18271 18340 18340 18974 19041 19076 18956 18882 19240 19126 19161 19161 19161 19192 19111 19049 18554 18984 19526
17658 18011 17941 17941 18115 18477 18785 18934 18302 18453 18860 18819 18819 19191 19346 19143 19130 19219 19427 19278 19156 19156 19156 19371 19284 19030 18971 19135 19279 19413 19775 19775 19649 19565 19796 19670 19455 19400 19248 18794 18794 18328 17956 18137 18885 19007 19025 19321 19358 19358 19358 19412 19448 19322 19033 18845 19096 19203 19075 19075 18896 18806 18184 17663 17354 17877 17791 17550 17550 17559 17963 18464 18706 18716 18741 18818 18588 18588 18588 18461 18653 18881 18958 19036 19325
17553 17736 17624 17624 17767 18689 18611 18605 18114 18378 18525 18646 18646 19007 19121 19229 19531 19560 19431 19549 19387 19387 19387 19216 18952 18882 19087 18944 19228 18974 18880 18880 18769 19088 19482 19024 19037 18539 18353 18092 18092 18156 18351 18292 19265 19574 19611 19706 19415 19415 19415 19309 19364 19493 19239 19091 19176 19388 19189 19189 19107 19147 18806 18238 17853 17605 17663 17617 17617 17505 17666 17857 18128 18399 18324 18838 18747 18747 18747 18284 18357 18498 18509 18530 18923
