WATER BALANCE/maps/dem_converted.asc
ncols        582
nrows        690
xllcorner    28.442361111000
yllcorner    -22.588750000062
cellsize     0.000277777778
NODATA_value 65535
[rows 390 to 428 of 690, columns 264 to 351 of 582]
776 774 772 773 773 773 772 772 771 771 772 771 769 769 769 767 767 767 767 766 765 764 764 763 763 763 762 762 762 762 762 760 760 760 761 760 759 759 759 759 759 760 759 758 757 757 757 757 756 756 756 755 755 754 754 754 754 754 755 755 755 754 753 752 752 753 753 753 752 751 750 750 749 749 749 750 750 750 751 751 752 752 751 752 753 753 753 754
776 774 773 774 773 772 772 771 770 771 772 771 769 769 769 767 767 767 768 767 764 764 764 764 764 764 762 762 761 761 761 760 760 760 761 760 759 759 759 759 759 760 760 758 757 757 757 758 757 756 757 756 755 754 754 755 755 755 755 757 756 754 753 752 752 752 752 753 752 751 751 751 751 749 749 749 750 750 752 752 752 751 751 752 752 752 752 753
776 774 774 775 773 772 772 771 770 770 770 769 768 768 768 767 767 768 768 768 766 765 765 766 766 765 764 763 763 762 761 761 761 761 761 761 760 759 759 759 759 759 759 759 757 757 758 758 756 756 756 756 755 755 756 756 755 755 756 758 757 754 753 752 752 752 752 752 752 752 751 751 750 749 749 749 749 750 751 752 751 751 752 752 751 752 752 752
775 774 774 774 774 774 773 772 771 770 769 768 767 767 767 768 767 767 767 767 766 765 766 767 765 765 764 764 764 763 763 762 762 761 761 761 761 760 759 759 759 759 759 759 758 758 758 757 756 756 756 757 756 757 757 756 755 755 757 758 756 754 753 753 753 753 752 752 752 752 750 750 750 749 749 749 749 749 750 751 751 751 751 751 750 752 753 752
775 774 774 775 775 775 774 773 772 771 770 768 767 767 768 768 768 767 768 767 766 765 765 766 765 765 764 764 764 764 764 762 762 762 762 762 761 761 760 760 759 759 759 759 758 758 758 757 756 757 756 757 757 757 757 756 755 756 757 756 755 753 753 753 754 753 752 752 753 752 751 750 750 749 749 749 749 749 749 750 750 749 750 749 750 752 753 752
775 774 774 774 775 775 774 772 772 772 771 769 769 770 769 769 768 768 768 767 766 765 765 765 765 765 765 765 764 764 764 762 762 762 762 762 762 761 761 760 759 759 759 759 758 758 758 758 758 757 757 757 757 757 756 756 755 756 756 755 754 753 753 753 754 753 752 752 753 753 752 751 751 750 749 749 749 749 750 750 749 749 749 750 751 752 753 751
775 774 774 774 774 775 774 773 772 773 771 770 770 771 771 769 768 768 766 766 766 766 765 765 765 766 766 765 764 764 764 762 762 763 763 762 761 760 760 759 759 759 760 760 758 758 759 759 759 759 758 757 757 757 756 756 756 755 755 754 754 753 753 753 754 753 752 752 753 752 752 751 750 750 749 749 749 749 750 749 749 749 750 751 751 751 752 752
776 775 775 774 774 775 775 774 773 772 772 771 771 771 771 770 769 767 766 766 766 767 767 766 766 767 767 765 764 764 764 763 763 763 762 761 760 760 759 759 759 761 762 761 760 759 760 760 760 759 758 758 758 758 757 756 756 755 754 754 755 754 753 753 753 753 753 752 752 752 751 750 750 750 750 750 750 749 749 750 750 750 750 751 751 751 751 751
776 777 776 776 776 777 777 775 774 773 773 772 772 771 771 770 770 768 766 766 767 768 768 768 767 767 767 766 765 765 765 764 764 763 762 761 760 760 760 760 762 763 763 761 760 759 758 758 759 758 757 757 758 758 757 756 756 754 754 756 755 753 753 753 753 753 753 753 752 752 752 752 751 751 751 751 750 750 750 751 752 751 750 750 750 750 750 750
775 776 777 776 776 777 777 776 775 774 773 773 772 771 771 771 771 770 768 767 767 768 768 768 768 766 766 766 766 765 764 764 764 763 763 763 762 761 761 763 763 763 762 761 761 760 759 758 759 758 757 757 757 757 757 756 755 754 754 755 755 753 753 753 753 752 753 753 751 752 752 752 751 751 751 751 750 750 750 751 751 750 749 749 749 749 749 750
775 775 776 776 775 776 777 777 776 774 773 773 772 772 772 772 771 770 769 767 767 768 768 767 766 765 765 765 765 765 764 764 764 764 765 765 764 763 763 764 763 761 761 761 762 761 759 758 759 759 758 757 757 757 756 756 755 755 754 754 754 754 755 754 753 752 752 752 751 751 752 751 751 750 751 750 750 749 749 750 750 748 748 748 749 749 749 749
774 774 775 775 775 775 776 776 775 774 774 774 773 773 772 771 770 770 769 768 767 768 768 768 766 765 765 765 765 764 764 764 764 765 766 765 764 763 763 764 762 761 761 761 761 760 758 758 758 758 758 758 758 757 757 757 757 756 754 754 754 755 755 754 752 752 752 751 751 752 751 751 750 750 750 750 749 749 749 749 749 748 747 747 749 750 749 748
774 774 774 775 774 773 774 775 775 774 774 774 774 774 773 772 770 770 769 769 769 769 769 768 766 765 765 766 766 765 764 764 764 764 765 765 763 763 763 763 763 762 761 760 760 760 758 758 758 758 758 759 759 758 757 758 757 756 755 754 754 754 754 753 752 752 752 752 752 752 751 750 750 751 750 750 749 749 749 749 750 748 747 747 748 749 748 748
774 774 774 774 774 773 774 776 776 776 774 773 774 773 773 771 771 770 769 769 769 770 769 768 766 765 766 768 767 767 765 764 764 764 765 765 763 763 763 763 763 763 761 760 760 759 758 759 760 761 760 759 759 757 757 757 757 756 755 754 753 753 752 752 752 752 752 752 752 752 752 751 750 751 750 749 749 749 749 750 751 749 747 747 748 748 748 748
774 774 774 774 774 773 774 775 777 776 775 774 773 773 773 772 772 771 770 769 769 770 769 768 767 767 767 768 769 768 767 766 765 764 765 765 765 763 763 764 764 764 762 761 761 759 758 759 761 762 761 759 758 757 756 756 756 755 755 754 753 753 754 753 753 753 753 752 752 753 752 752 751 750 750 749 749 749 749 750 750 749 748 748 748 748 747 747
775 775 775 776 775 773 773 774 775 775 775 775 774 774 774 773 773 772 771 770 770 770 769 768 768 768 768 769 770 768 768 767 766 765 764 765 765 765 764 764 764 764 763 762 762 761 760 760 760 761 761 759 758 757 756 757 757 755 754 755 755 755 754 754 754 753 753 753 752 753 753 752 751 750 750 750 750 749 749 749 749 748 748 748 748 748 747 747
775 775 775 776 775 773 773 773 774 774 775 775 774 774 774 774 774 773 772 771 770 770 769 768 769 769 769 769 768 767 767 766 766 765 764 765 765 765 764 764 763 763 763 763 763 763 762 761 760 760 760 759 758 757 757 759 759 757 755 756 756 755 755 754 754 754 754 753 752 752 753 753 752 751 750 750 751 750 749 749 749 748 748 748 748 748 748 747
774 774 774 774 773 773 773 773 774 774 774 775 774 774 773 773 774 773 772 771 771 771 770 769 768 770 769 768 767 767 767 766 766 766 766 765 765 764 764 764 763 763 764 764 764 764 763 761 759 759 759 759 758 758 758 760 760 758 757 756 756 756 755 755 755 755 754 754 753 753 753 753 752 751 750 750 750 750 750 750 750 749 748 748 748 748 748 747
773 773 772 773 773 773 773 773 774 774 774 775 775 774 773 773 773 773 772 772 772 772 772 769 768 769 769 768 767 767 767 767 766 767 767 766 765 765 765 763 763 763 764 764 765 765 763 761 759 759 759 758 758 759 760 761 760 758 756 755 755 755 755 755 755 755 754 754 754 754 753 753 752 750 750 750 750 751 751 751 750 749 748 748 748 748 748 747
773 773 773 773 773 773 773 774 774 774 774 776 776 776 774 774 773 773 773 774 774 773 772 769 768 769 770 768 767 768 768 767 767 767 767 767 765 765 764 763 763 763 764 764 765 765 763 761 760 760 760 759 759 759 760 761 760 758 757 755 755 755 756 756 755 754 754 754 754 754 753 753 752 751 750 750 751 752 751 751 750 748 748 748 749 748 748 747
773 774 774 773 773 773 773 773 774 775 776 776 777 776 776 775 774 774 774 774 774 773 772 770 768 770 769 768 768 769 769 768 768 767 766 766 765 763 763 763 763 763 764 764 765 763 761 761 761 761 761 760 759 760 760 760 759 759 757 756 755 756 756 757 756 755 754 754 754 754 754 753 752 751 751 751 752 752 751 750 749 748 748 748 750 749 748 748
773 774 774 773 773 773 773 773 773 774 774 775 775 775 775 775 775 775 774 773 774 774 773 772 770 770 769 768 769 770 770 769 768 767 765 765 765 764 763 763 763 763 764 764 764 762 761 761 761 762 761 759 760 761 760 759 759 759 759 758 757 756 756 756 756 755 754 754 754 754 754 752 751 751 751 751 751 751 751 750 749 748 748 748 750 750 749 748
774 774 774 773 773 773 773 773 773 772 772 773 772 773 774 774 774 773 773 774 774 774 774 773 772 771 770 769 769 770 769 768 768 767 766 766 765 764 764 763 763 763 763 763 763 762 761 762 762 762 760 759 760 762 761 759 759 759 759 759 757 756 756 756 756 754 754 754 754 754 753 752 751 751 751 751 750 750 751 750 749 749 749 749 749 750 750 749
773 773 773 773 773 773 774 774 773 772 772 772 772 773 773 773 772 772 773 774 775 775 775 774 774 773 772 770 769 768 768 768 769 769 768 767 766 765 765 764 763 763 763 764 764 763 762 762 762 762 762 761 761 761 761 760 759 759 758 757 757 756 755 755 755 754 754 754 754 754 753 752 752 752 752 751 750 750 750 750 750 750 750 749 749 749 749 749
773 772 772 773 773 773 774 774 773 772 772 772 773 773 772 772 772 772 774 775 776 776 777 776 775 775 773 771 769 768 768 769 769 769 768 768 768 767 765 765 765 765 765 765 764 764 762 762 762 763 763 763 761 760 760 760 759 758 758 757 757 756 756 756 755 755 754 753 753 753 752 752 752 752 751 750 750 750 750 750 750 750 751 750 749 749 749 749
774 773 773 772 772 772 773 773 772 772 772 772 773 773 772 772 772 774 775 775 776 777 777 776 775 775 774 771 768 768 769 769 769 768 769 769 768 766 765 765 765 765 765 765 765 764 762 762 762 763 764 762 760 759 758 758 758 758 758 758 758 758 758 758 757 755 753 752 752 753 751 751 751 751 750 750 750 750 750 751 750 750 750 750 750 749 749 749
774 774 774 772 772 773 773 772 771 771 771 772 772 771 771 771 772 774 775 775 775 776 776 776 775 775 775 772 770 769 769 769 768 768 768 768 767 766 765 765 765 765 765 766 765 764 763 762 762 763 762 761 760 759 759 758 758 758 759 759 759 760 760 759 757 756 754 752 752 752 751 751 751 750 750 751 751 751 751 751 751 750 750 750 750 749 749 749
772 773 772 772 773 775 774 772 771 770 771 770 770 771 771 771 772 773 773 774 775 775 775 775 775 774 774 774 772 770 769 769 769 768 768 767 767 767 767 765 765 765 765 766 766 764 763 762 762 762 762 761 760 760 759 759 758 759 760 760 760 761 760 758 756 756 755 752 752 752 751 751 750 750 750 751 752 752 752 751 751 751 751 751 750 749 749 749
771 771 771 771 773 775 774 773 771 770 770 770 771 771 771 772 773 773 774 774 774 775 775 774 774 773 773 773 773 771 770 770 770 769 769 768 768 768 767 766 766 766 765 766 766 765 763 762 762 763 763 760 759 759 760 759 759 759 760 761 760 760 759 756 755 755 755 753 753 753 752 751 751 751 751 751 751 751 751 751 751 751 751 750 750 749 750 750
771 771 770 771 773 774 774 772 770 770 770 770 771 771 772 773 773 774 775 774 773 774 775 775 774 772 772 773 773 772 771 770 770 770 770 769 768 767 766 766 767 767 766 766 765 764 764 763 763 763 763 761 759 760 760 760 759 759 760 761 760 759 758 756 756 756 756 755 755 754 753 753 753 752 752 752 751 752 752 751 751 750 750 750 750 750 750 749
771 770 771 772 773 773 772 771 770 770 770 770 770 771 772 772 773 774 774 773 773 774 775 775 773 772 773 774 774 773 772 771 770 770 770 769 768 767 766 766 766 767 766 765 764 764 764 763 763 763 763 762 761 761 761 760 759 759 759 760 760 759 758 758 758 757 757 756 756 755 754 754 754 753 753 753 753 752 752 752 751 750 750 750 750 750 750 748
770 770 771 772 772 772 771 771 771 770 770 770 770 770 771 772 772 773 773 772 772 774 775 774 772 771 773 775 775 774 773 772 772 771 769 768 768 767 766 766 767 767 767 766 765 765 764 763 763 763 762 762 762 762 760 759 759 759 760 760 761 759 757 757 757 757 756 757 757 756 755 755 755 753 754 756 754 753 752 752 750 750 750 750 750 750 750 749
769 769 770 771 771 770 770 770 769 768 769 770 770 770 771 771 772 772 771 772 773 774 774 773 772 771 772 774 775 774 774 773 773 772 771 769 768 768 768 767 767 767 767 766 766 766 765 765 764 763 762 762 762 761 760 759 760 760 760 760 761 760 757 756 756 756 756 757 757 756 754 754 754 754 755 756 755 753 752 752 750 750 750 750 751 751 750 748
769 769 770 770 770 770 769 769 768 768 769 771 772 772 771 771 771 771 771 771 773 773 773 772 771 771 772 772 773 774 773 774 774 774 773 771 771 771 770 768 767 768 768 767 766 766 766 766 765 763 762 762 762 761 761 760 762 762 761 760 760 760 758 757 756 756 756 756 756 755 754 754 754 755 756 757 755 753 753 752 751 750 752 752 752 751 749 748
770 769 769 770 771 771 769 768 768 768 768 770 772 773 772 771 771 771 772 772 773 773 772 772 771 771 771 771 771 772 773 773 774 774 774 773 772 772 771 769 768 768 768 767 766 765 765 765 764 762 762 762 762 763 762 762 763 763 762 760 760 760 759 758 758 757 756 756 756 756 754 754 754 755 756 757 755 754 753 754 752 751 752 753 753 752 750 748
770 770 769 769 770 769 769 768 768 769 769 769 771 772 772 771 771 771 772 773 773 773 773 773 772 771 771 771 771 771 772 772 771 772 772 773 772 772 772 770 768 768 767 765 764 764 763 763 764 762 762 762 763 763 763 762 763 763 762 761 760 759 759 759 759 758 757 756 756 756 756 755 754 754 756 756 755 754 754 755 753 752 752 752 752 752 751 750
770 770 769 769 769 768 768 768 769 769 770 770 771 772 772 771 771 771 771 772 772 772 773 773 772 771 771 771 771 771 772 771 770 770 771 772 772 772 771 769 766 766 765 764 763 764 763 763 763 763 762 763 764 763 761 760 761 762 761 760 759 758 758 758 759 758 757 756 756 756 756 756 755 756 756 756 755 754 755 755 754 752 753 753 753 752 751 751
768 769 769 769 769 768 768 768 768 769 769 770 771 770 771 771 771 771 770 771 771 771 772 773 772 771 771 771 771 771 772 773 771 770 770 770 772 772 771 768 766 765 765 764 764 763 763 763 763 763 764 764 763 762 760 759 760 760 760 760 759 758 758 758 758 758 758 757 756 756 756 756 757 757 757 757 756 755 755 755 752 752 753 754 753 752 751 751
767 768 769 770 769 768 767 767 767 768 769 769 769 768 769 770 771 770 771 771 771 771 772 773 772 771 771 771 772 772 772 773 771 770 770 770 771 771 770 768 767 766 766 766 765 764 763 763 763 764 765 764 763 761 760 760 759 760 761 760 759 758 758 758 758 758 758 758 758 757 756 756 757 757 757 757 756 755 756 754 752 752 753 754 754 752 751 751
