WATER BALANCE/maps/dem_converted.asc
ncols        582
nrows        690
xllcorner    28.442361111000
yllcorner    -22.588750000062
cellsize     0.000277777778
NODATA_value 65535
[rows 351 to 389 of 690, columns 352 to 439 of 582]
770 770 770 772 773 774 774 774 775 776 778 779 780 782 783 782 781 779 778 778 778 778 778 779 780 779 780 782 785 784 784 785 785 787 789 789 789 792 793 795 796 797 800 803 804 806 807 806 806 805 806 808 811 813 814 818 822 826 829 831 833 840 849 859 867 876 880 878 876 875 869 862 855 849 845 840 836 834 834 828 823 820 822 826 832 839 847 856
770 770 770 771 773 773 773 773 775 777 779 779 780 781 781 781 780 779 779 778 778 778 778 779 779 779 778 781 784 785 784 785 788 791 793 793 794 796 797 798 797 799 801 803 803 804 806 806 806 805 804 809 813 815 816 816 817 819 823 827 833 840 849 854 862 870 871 868 865 861 854 848 842 837 833 829 827 823 821 818 817 818 822 827 833 844 854 864
769 770 769 770 771 771 773 773 775 777 779 779 778 779 780 780 779 779 779 778 777 778 778 779 779 779 778 780 783 784 785 787 790 793 796 798 800 800 801 800 798 797 799 800 799 799 800 800 801 800 799 803 809 811 811 811 810 813 818 823 829 838 846 851 858 860 861 858 851 848 841 834 829 824 821 820 818 814 812 813 815 817 819 825 834 846 860 870
769 769 768 768 769 771 772 773 774 775 777 777 776 776 778 779 778 778 778 778 777 778 779 778 778 778 779 780 781 782 784 788 791 793 795 794 796 797 798 796 795 794 795 795 795 795 794 795 795 796 795 799 802 805 806 803 803 807 815 820 828 836 844 850 851 850 849 846 840 833 828 823 818 816 815 814 811 808 809 811 813 815 819 825 835 849 862 870
769 768 768 768 769 770 772 772 773 773 774 774 774 774 776 777 777 777 777 777 777 777 778 778 778 778 779 779 780 780 782 784 788 790 790 789 789 791 792 789 789 791 792 790 790 791 792 793 793 793 792 794 797 800 800 799 799 802 809 817 825 834 842 845 845 842 838 832 828 823 818 814 811 810 811 810 808 806 807 808 809 814 818 826 839 851 860 870
768 768 768 768 769 770 771 772 773 773 773 773 773 773 775 775 776 776 775 775 776 776 776 777 778 778 778 778 778 779 780 781 783 783 784 785 785 786 786 786 785 787 787 787 787 788 789 791 791 790 790 791 793 795 796 796 797 800 806 812 823 831 836 839 836 831 826 821 820 815 811 809 806 806 808 807 805 805 804 804 806 811 817 825 838 849 857 868
768 769 769 769 769 770 771 774 774 773 773 773 773 774 774 774 774 775 775 775 775 775 776 777 776 776 777 777 778 778 780 781 781 780 780 782 783 783 783 783 782 783 783 784 786 785 787 789 789 788 788 788 790 792 793 793 794 798 802 808 816 824 829 828 824 819 816 814 812 809 805 804 803 803 803 804 804 803 802 803 806 811 820 832 841 847 856 866
768 769 769 769 769 770 772 775 775 774 773 773 773 774 774 774 774 774 774 775 774 774 775 775 775 775 775 776 777 778 780 780 780 780 780 781 781 781 781 781 781 781 781 782 783 784 786 787 787 785 786 788 789 790 790 789 791 794 798 805 812 816 817 816 812 808 806 803 803 801 801 802 801 800 801 801 800 800 801 804 808 812 820 832 842 850 860 873
767 768 768 768 769 770 771 774 774 773 773 773 773 773 774 773 773 773 774 774 773 772 773 773 774 774 774 774 775 776 777 778 778 778 778 778 778 777 779 780 779 780 780 780 781 781 784 786 786 785 785 787 788 788 788 788 789 791 794 801 806 807 807 807 804 800 795 795 796 797 798 799 799 798 798 799 797 799 801 804 806 811 820 831 842 854 867 880
767 767 768 769 769 770 770 772 773 773 773 773 773 773 773 772 772 772 773 772 772 772 772 772 772 772 772 773 774 774 774 775 775 774 774 775 775 776 778 779 778 778 778 778 778 779 782 785 785 785 785 786 787 786 787 787 786 788 791 792 796 798 799 798 798 794 794 795 795 795 795 797 798 797 796 796 797 797 800 802 805 810 821 831 845 856 871 884
767 768 769 770 770 770 771 771 772 772 773 773 772 772 773 772 772 772 772 772 772 772 772 771 771 771 771 772 773 772 770 771 772 772 774 775 775 776 777 778 776 776 776 776 778 779 781 782 783 783 785 785 786 786 787 786 786 787 788 789 789 791 793 793 794 792 793 794 794 793 793 795 796 796 796 795 796 797 799 804 807 811 821 833 846 857 872 884
767 768 770 770 770 771 770 771 771 772 772 772 772 772 772 772 771 772 772 772 772 772 772 771 771 771 771 772 772 771 770 770 770 771 773 774 773 774 776 776 774 774 774 775 776 779 780 781 780 781 783 784 785 785 786 785 785 785 786 787 787 788 789 789 791 791 790 790 790 791 792 794 794 794 794 794 797 799 801 804 811 816 826 836 849 862 873 881
767 767 768 769 770 771 770 770 771 771 771 771 771 771 771 770 770 770 771 772 772 771 771 771 771 771 770 771 772 771 770 770 770 770 771 772 772 772 774 773 772 773 774 775 776 778 779 779 779 780 781 782 783 783 783 783 783 784 785 786 786 786 787 788 789 788 788 788 788 789 791 793 791 792 793 794 796 801 805 810 818 827 834 843 851 863 871 875
767 767 768 768 769 770 769 769 771 771 770 770 770 770 770 769 769 768 769 770 770 769 770 770 770 769 769 770 771 770 770 770 769 769 770 770 770 769 770 771 771 772 774 775 776 777 778 778 778 779 780 780 781 781 781 781 782 783 785 785 785 785 787 788 788 788 788 788 788 789 791 791 790 790 793 794 798 804 810 817 825 834 843 847 853 861 867 871
769 769 768 768 769 769 768 769 769 768 768 768 769 769 769 768 767 767 768 768 768 767 768 768 768 767 768 768 768 769 769 769 769 769 770 770 769 769 769 770 771 772 773 774 775 776 777 777 777 778 778 779 780 780 780 780 780 781 782 784 784 784 786 787 788 788 789 788 788 788 789 789 789 790 797 802 808 813 822 829 836 842 846 851 855 860 864 865
769 769 768 768 769 769 768 767 767 767 766 767 767 767 766 766 767 767 767 767 766 766 767 767 766 766 766 767 768 768 768 768 768 769 770 770 770 769 769 770 771 772 772 773 774 774 776 776 776 776 777 778 780 780 780 781 781 781 781 782 782 782 783 785 785 786 787 787 787 786 787 788 788 792 802 810 819 831 840 844 846 850 854 855 859 862 866 865
768 769 768 768 769 769 767 766 766 766 766 765 765 764 764 765 767 766 765 764 765 766 765 765 764 765 765 766 768 768 768 767 767 768 769 770 770 769 769 769 771 772 772 773 773 774 775 776 776 775 775 777 778 779 780 781 781 780 779 780 781 782 783 783 783 784 784 786 786 785 785 786 788 793 802 809 822 837 846 850 850 853 855 856 859 863 865 861
768 768 768 768 769 768 767 766 766 766 764 763 764 764 765 766 766 765 763 763 764 765 765 764 763 763 765 766 767 768 769 768 767 767 767 768 769 768 767 768 769 771 772 772 772 773 773 774 774 774 774 775 776 777 778 779 779 779 778 778 779 781 782 783 783 783 784 785 785 784 785 786 788 794 801 809 822 837 840 844 842 846 847 849 851 855 854 851
768 768 767 768 768 767 766 766 766 765 763 762 763 763 764 766 765 763 762 762 763 765 765 764 763 764 765 765 766 767 769 768 767 766 766 767 768 768 767 767 768 769 770 770 771 772 772 772 772 773 774 774 775 775 776 777 777 777 777 777 779 780 780 780 781 784 784 784 785 784 784 785 787 793 801 809 819 828 829 827 827 831 834 835 837 841 841 838
768 767 767 767 766 766 766 766 766 764 763 763 762 762 763 765 764 762 762 762 763 764 765 764 763 765 765 764 765 767 767 765 764 764 765 767 768 768 768 767 767 768 768 769 770 771 771 771 772 773 774 774 774 774 775 774 775 776 776 778 780 779 778 778 780 782 783 784 784 783 784 785 787 793 799 805 811 816 816 813 812 814 816 819 820 822 823 824
768 767 766 765 766 766 766 766 766 764 763 764 762 761 763 764 763 762 762 762 763 764 764 763 763 764 765 764 765 765 765 764 764 764 765 767 767 768 768 767 767 767 768 769 770 770 770 771 772 773 773 773 774 774 774 773 773 774 776 777 778 778 778 779 780 782 783 784 784 783 782 784 786 790 796 800 803 806 805 802 800 800 799 803 806 805 807 808
766 767 765 765 766 767 766 765 765 764 764 763 762 761 763 763 763 762 762 762 762 763 763 762 762 763 764 763 764 764 764 765 764 765 766 766 766 766 766 766 766 766 767 767 768 769 770 771 772 773 773 774 775 775 775 774 773 774 774 774 775 776 778 780 781 782 783 784 784 783 782 784 785 786 789 793 795 796 794 792 789 787 787 790 791 793 794 796
765 765 765 765 767 767 766 765 763 763 763 762 761 761 761 762 762 763 762 762 763 762 762 761 761 762 763 763 762 762 763 764 764 765 766 765 764 764 765 764 765 765 766 766 767 767 769 770 771 771 773 775 775 774 774 773 773 773 774 774 775 775 777 778 779 780 781 782 783 782 781 783 784 785 785 787 788 786 784 783 782 780 781 783 783 783 784 789
765 765 765 766 766 766 766 765 763 762 762 762 761 761 761 761 762 762 762 763 763 762 762 762 761 762 763 763 762 762 762 763 764 766 766 764 763 764 764 764 765 765 765 765 766 767 769 770 769 769 772 774 773 772 772 771 771 772 774 775 775 775 776 777 778 779 779 780 781 781 780 782 783 783 782 782 783 783 783 783 781 779 779 781 781 780 780 782
765 765 764 764 764 764 764 764 763 763 763 763 762 761 761 762 762 762 761 762 762 762 762 762 761 761 762 763 762 762 762 762 764 765 765 763 763 764 765 765 765 765 765 765 766 767 769 769 769 769 770 771 771 770 771 770 770 771 773 774 775 775 776 776 777 778 778 779 780 779 780 781 782 783 782 782 783 784 783 782 779 777 777 778 778 779 779 779
764 764 763 764 764 764 763 763 763 762 763 764 763 761 761 762 763 762 761 761 761 761 761 761 760 760 762 762 762 762 761 761 762 763 763 762 762 764 765 764 764 765 766 766 767 768 769 769 769 769 769 769 769 769 770 771 770 771 772 773 775 775 776 776 776 777 778 779 778 778 778 780 781 782 783 782 782 781 780 779 777 776 775 775 776 777 778 780
763 763 763 763 763 764 763 763 763 762 763 764 763 760 759 762 763 762 761 760 759 759 760 760 759 760 762 762 762 761 762 761 761 761 761 761 762 763 764 764 764 765 766 766 767 768 769 769 769 769 768 768 768 768 769 770 771 771 771 772 773 775 775 774 775 776 776 776 776 776 777 778 779 780 780 780 780 778 777 777 776 775 774 775 775 776 778 778
762 762 761 761 762 762 762 763 763 763 762 762 762 760 759 760 761 760 759 759 758 758 759 759 759 760 762 762 760 761 762 762 762 761 762 762 763 763 763 763 763 765 766 766 767 767 767 767 768 768 768 768 768 769 769 769 770 771 771 772 773 773 774 773 774 775 775 774 775 775 776 777 776 776 777 778 778 777 776 775 775 774 774 774 774 776 777 776
761 760 760 761 761 761 761 762 764 763 761 761 760 759 758 758 758 758 758 759 758 758 758 759 759 760 761 761 760 760 762 762 762 761 762 762 763 763 763 764 764 765 766 767 767 767 766 766 768 768 768 768 769 769 769 769 770 770 770 771 773 773 773 773 774 774 774 774 774 774 775 776 775 775 775 775 776 775 774 773 773 773 774 773 773 775 776 776
760 760 760 761 761 759 759 761 762 763 762 760 759 758 758 758 758 758 757 758 758 757 758 759 759 760 760 761 760 759 760 760 760 760 761 761 762 762 763 764 764 765 765 765 765 766 765 765 767 768 767 768 768 769 769 770 769 768 768 769 772 773 773 773 773 773 773 773 774 774 773 773 773 774 774 774 774 774 772 772 773 773 774 773 773 775 776 776
759 759 760 760 760 759 759 759 760 760 761 760 759 758 758 758 760 759 757 757 757 757 757 758 760 760 761 761 760 759 759 759 759 760 760 761 761 761 761 762 763 764 764 763 763 763 764 766 766 767 767 767 768 768 770 770 768 768 768 768 770 772 772 772 772 772 773 773 773 773 772 771 771 771 771 772 773 772 771 771 773 773 773 774 774 775 775 775
759 758 759 759 759 760 759 759 759 759 760 760 759 758 759 759 760 759 757 757 758 758 757 758 759 760 761 761 761 759 759 759 760 761 761 761 761 760 761 762 763 763 763 762 762 762 764 766 767 767 767 767 767 768 769 769 768 768 768 768 768 770 771 771 771 771 772 772 773 772 771 770 769 769 770 771 772 772 771 771 772 771 772 772 773 774 774 773
758 758 759 759 759 760 759 759 759 759 759 758 758 758 758 758 758 758 757 757 758 758 757 757 758 758 759 760 760 759 759 759 759 761 762 761 760 760 761 761 762 762 761 761 761 763 764 766 767 767 767 767 766 767 768 769 768 768 768 768 768 769 770 769 769 769 770 771 772 773 771 770 769 769 770 771 772 772 771 770 770 770 770 770 771 772 772 773
757 757 758 758 759 759 759 759 759 758 758 758 758 758 758 758 758 757 756 756 757 757 757 756 757 756 757 758 758 757 759 759 758 760 762 760 759 760 761 761 761 761 761 761 762 763 764 764 764 764 765 765 766 766 767 768 768 768 768 768 768 767 767 767 768 768 769 770 772 772 771 770 769 769 769 769 771 771 771 769 769 769 769 769 769 770 771 772
757 757 757 757 758 759 759 759 759 758 758 758 759 758 758 759 759 758 756 755 756 756 756 757 756 756 756 757 756 756 758 758 758 759 760 760 759 759 760 760 760 761 761 761 761 762 762 762 762 762 763 764 765 765 766 767 768 768 768 769 767 767 767 767 767 768 768 769 770 770 769 769 769 768 768 768 768 770 770 770 769 768 768 769 769 768 770 772
757 757 757 757 757 757 758 759 759 758 758 759 759 759 758 759 760 759 756 755 755 755 756 757 757 756 757 758 757 756 756 758 759 759 759 759 759 759 759 760 759 760 761 761 761 761 762 762 762 762 762 764 765 765 765 766 767 768 767 767 767 767 767 767 767 767 768 768 768 767 767 767 767 768 767 766 767 768 769 769 768 766 766 768 768 768 769 770
757 757 757 757 757 757 758 759 759 758 758 759 760 759 757 758 758 757 756 755 754 754 754 756 757 758 759 758 757 756 756 757 758 758 759 759 759 759 759 759 759 760 760 761 761 761 762 763 763 762 762 763 764 764 764 765 766 767 767 766 766 767 768 768 768 768 767 766 766 766 765 765 765 766 765 764 765 766 768 767 766 765 765 766 767 767 767 768
757 758 758 757 757 757 757 758 757 757 757 758 759 758 756 756 756 756 756 755 754 754 754 755 756 758 759 758 755 755 756 757 757 757 757 758 758 758 759 759 759 759 759 760 761 760 761 763 763 762 762 762 764 764 764 765 767 767 766 765 766 767 768 767 767 768 767 766 765 765 764 764 764 764 764 764 764 765 766 766 765 764 764 765 766 766 766 767
757 758 758 757 758 759 759 758 757 757 757 758 757 757 755 755 755 755 755 754 754 754 754 754 756 757 759 757 754 754 755 756 756 755 756 757 757 758 759 759 759 758 758 759 759 759 760 762 762 762 762 764 765 765 765 765 767 767 765 765 767 767 768 767 767 768 767 766 765 764 764 764 764 764 764 764 764 764 765 765 764 763 764 765 765 765 765 766
