WATER BALANCE/maps/dem_converted.asc
ncols        582
nrows        690
xllcorner    28.442361111000
yllcorner    -22.588750000062
cellsize     0.000277777778
NODATA_value 65535
[rows 312 to 350 of 690, columns 440 to 527 of 582]
789 788 787 787 787 787 788 789 788 787 788 788 789 789 788 787 787 787 787 786 786 788 788 788 786 784 785 786 785 784 783 782 782 781 782 781 781 782 781 781 781 781 783 783 783 782 781 781 781 65535 65535 65535 65535 65535 65535 65535 65535 65535 65535 65535 65535 65535 65535 65535 65535 65535 65535 65535 65535 65535 65535 65535 65535 65535 65535 65535 65535 65535 65535 65535 65535 65535 65535 65535 65535 65535 65535 65535
791 790 789 788 788 788 789 790 790 789 788 789 790 790 788 787 787 786 786 786 787 788 789 788 787 786 786 786 785 784 783 783 782 783 783 782 782 781 782 782 782 781 782 783 782 782 783 784 783 65535 65535 65535 65535 65535 65535 65535 65535 65535 65535 65535 65535 65535 65535 65535 65535 65535 65535 65535 65535 65535 65535 65535 65535 65535 65535 65535 65535 65535 65535 65535 65535 65535 65535 65535 65535 65535 65535 65535
791 790 789 789 789 788 789 791 791 789 789 789 789 789 789 788 788 787 787 787 788 789 789 790 788 786 785 785 785 784 784 783 782 783 784 784 782 782 782 783 783 782 782 782 782 782 783 785 784 783 65535 65535 65535 65535 65535 65535 65535 65535 65535 65535 65535 65535 65535 65535 65535 65535 65535 65535 65535 65535 65535 65535 65535 65535 65535 65535 65535 65535 65535 65535 65535 65535 65535 65535 65535 65535 65535 65535
790 789 789 789 789 789 789 791 792 791 790 789 789 790 790 790 790 789 788 788 789 790 790 790 788 785 785 786 787 787 786 786 785 784 785 784 783 782 783 783 784 784 784 783 783 784 784 785 785 784 65535 65535 65535 65535 65535 65535 65535 65535 65535 65535 65535 65535 65535 65535 65535 65535 65535 65535 65535 65535 65535 65535 65535 65535 65535 65535 65535 65535 65535 65535 65535 65535 65535 65535 65535 65535 65535 65535
790 789 790 791 791 790 790 792 793 792 791 790 790 792 792 791 792 791 790 789 790 791 791 790 788 786 786 787 788 788 788 788 787 787 787 785 783 783 783 784 784 784 784 785 785 785 786 786 785 785 65535 65535 65535 65535 65535 65535 65535 65535 65535 65535 65535 65535 65535 65535 65535 65535 65535 65535 65535 65535 65535 65535 65535 65535 65535 65535 65535 65535 65535 65535 65535 65535 65535 65535 65535 65535 65535 65535
790 790 791 792 792 791 792 793 793 793 793 792 791 792 792 792 792 792 791 790 792 792 792 791 790 789 788 789 790 789 789 790 789 787 787 786 784 783 783 784 784 784 784 785 786 787 787 787 786 785 785 65535 65535 65535 65535 65535 65535 65535 65535 65535 65535 65535 65535 65535 65535 65535 65535 65535 65535 65535 65535 65535 65535 65535 65535 65535 65535 65535 65535 65535 65535 65535 65535 65535 65535 65535 65535 65535
790 790 792 793 793 792 793 794 793 793 794 793 792 792 793 793 793 793 792 793 795 796 794 793 794 792 791 791 792 791 792 793 792 788 786 786 786 785 784 785 785 785 785 786 787 788 787 787 786 785 785 65535 65535 65535 65535 65535 65535 65535 65535 65535 65535 65535 65535 65535 65535 65535 65535 65535 65535 65535 65535 65535 65535 65535 65535 65535 65535 65535 65535 65535 65535 65535 65535 65535 65535 65535 65535 65535
791 791 792 793 794 793 794 794 794 793 794 795 794 793 794 794 794 793 794 796 797 796 794 795 796 794 791 791 792 793 794 795 793 789 787 787 788 788 787 787 786 786 786 787 787 787 787 787 787 786 787 65535 65535 65535 65535 65535 65535 65535 65535 65535 65535 65535 65535 65535 65535 65535 65535 65535 65535 65535 65535 65535 65535 65535 65535 65535 65535 65535 65535 65535 65535 65535 65535 65535 65535 65535 65535 65535
793 793 794 794 795 795 795 794 793 793 795 797 797 797 797 796 795 795 796 797 796 796 794 795 797 796 794 793 794 794 795 794 794 792 790 790 789 791 790 788 787 787 787 786 786 786 787 788 788 788 787 787 65535 65535 65535 65535 65535 65535 65535 65535 65535 65535 65535 65535 65535 65535 65535 65535 65535 65535 65535 65535 65535 65535 65535 65535 65535 65535 65535 65535 65535 65535 65535 65535 65535 65535 65535 65535
795 795 795 795 797 798 796 795 794 795 797 799 798 798 800 798 797 798 798 798 798 797 797 798 798 797 796 795 796 796 795 795 795 794 793 791 792 793 792 790 789 788 787 787 787 787 788 788 789 789 788 787 65535 65535 65535 65535 65535 65535 65535 65535 65535 65535 65535 65535 65535 65535 65535 65535 65535 65535 65535 65535 65535 65535 65535 65535 65535 65535 65535 65535 65535 65535 65535 65535 65535 65535 65535 65535
796 797 796 798 799 799 797 797 797 797 798 799 799 799 799 799 799 799 800 800 800 801 800 800 799 798 798 797 797 796 795 796 796 795 794 792 793 794 793 792 791 790 789 788 789 789 788 788 789 789 789 789 65535 65535 65535 65535 65535 65535 65535 65535 65535 65535 65535 65535 65535 65535 65535 65535 65535 65535 65535 65535 65535 65535 65535 65535 65535 65535 65535 65535 65535 65535 65535 65535 65535 65535 65535 65535
798 798 798 799 800 799 798 798 798 798 798 799 800 800 800 801 801 800 800 801 802 802 802 800 800 800 799 800 799 798 796 796 797 796 795 793 793 793 794 794 792 791 791 791 790 789 790 790 790 791 791 791 791 65535 65535 65535 65535 65535 65535 65535 65535 65535 65535 65535 65535 65535 65535 65535 65535 65535 65535 65535 65535 65535 65535 65535 65535 65535 65535 65535 65535 65535 65535 65535 65535 65535 65535 65535
800 800 800 800 799 800 799 798 799 799 798 799 799 801 802 803 802 801 801 802 803 803 803 803 802 801 801 801 801 800 798 797 798 798 797 795 794 794 794 794 793 791 791 791 791 790 791 792 791 792 792 792 790 65535 65535 65535 65535 65535 65535 65535 65535 65535 65535 65535 65535 65535 65535 65535 65535 65535 65535 65535 65535 65535 65535 65535 65535 65535 65535 65535 65535 65535 65535 65535 65535 65535 65535 65535
801 801 801 800 800 801 800 800 800 800 799 798 800 802 803 804 804 804 805 805 805 805 805 806 806 804 803 803 802 801 801 802 802 802 801 799 797 796 796 796 794 793 792 792 791 791 792 792 792 792 792 791 790 65535 65535 65535 65535 65535 65535 65535 65535 65535 65535 65535 65535 65535 65535 65535 65535 65535 65535 65535 65535 65535 65535 65535 65535 65535 65535 65535 65535 65535 65535 65535 65535 65535 65535 65535
801 801 801 801 802 804 803 803 801 800 801 802 802 804 805 806 806 808 810 810 808 806 807 809 809 807 805 806 805 804 805 805 805 806 805 804 801 799 797 798 797 795 794 792 792 793 793 793 793 792 792 791 792 792 65535 65535 65535 65535 65535 65535 65535 65535 65535 65535 65535 65535 65535 65535 65535 65535 65535 65535 65535 65535 65535 65535 65535 65535 65535 65535 65535 65535 65535 65535 65535 65535 65535 65535
801 801 802 804 806 806 806 806 804 804 804 805 806 807 810 810 810 812 814 815 812 811 812 814 814 810 809 809 809 809 810 810 809 808 809 808 808 805 802 801 800 798 797 796 795 795 795 795 795 794 794 794 794 794 65535 65535 65535 65535 65535 65535 65535 65535 65535 65535 65535 65535 65535 65535 65535 65535 65535 65535 65535 65535 65535 65535 65535 65535 65535 65535 65535 65535 65535 65535 65535 65535 65535 65535
803 803 805 808 809 808 806 807 808 809 810 811 811 812 814 815 816 820 820 818 819 818 818 820 820 816 815 815 818 818 818 820 816 815 815 818 818 814 811 809 807 803 802 799 799 798 797 796 797 797 797 796 795 795 65535 65535 65535 65535 65535 65535 65535 65535 65535 65535 65535 65535 65535 65535 65535 65535 65535 65535 65535 65535 65535 65535 65535 65535 65535 65535 65535 65535 65535 65535 65535 65535 65535 65535
804 807 809 811 810 809 807 808 811 814 816 818 819 821 822 824 825 828 829 829 830 826 826 828 830 828 827 827 832 831 834 833 829 829 831 832 832 828 825 822 817 812 808 805 804 802 798 798 799 800 800 799 797 797 798 65535 65535 65535 65535 65535 65535 65535 65535 65535 65535 65535 65535 65535 65535 65535 65535 65535 65535 65535 65535 65535 65535 65535 65535 65535 65535 65535 65535 65535 65535 65535 65535 65535
806 809 811 810 811 811 812 812 817 821 823 826 831 833 835 834 834 839 841 841 839 838 839 840 842 844 844 848 847 848 849 847 845 846 846 848 850 847 842 835 831 823 815 812 810 808 802 800 799 800 801 801 800 800 801 65535 65535 65535 65535 65535 65535 65535 65535 65535 65535 65535 65535 65535 65535 65535 65535 65535 65535 65535 65535 65535 65535 65535 65535 65535 65535 65535 65535 65535 65535 65535 65535 65535
808 812 813 814 813 816 820 825 828 833 836 840 843 847 848 848 849 852 853 853 854 855 854 853 853 856 861 862 860 859 859 859 856 854 853 857 860 857 851 848 844 835 827 821 818 811 805 801 800 801 801 802 802 802 802 65535 65535 65535 65535 65535 65535 65535 65535 65535 65535 65535 65535 65535 65535 65535 65535 65535 65535 65535 65535 65535 65535 65535 65535 65535 65535 65535 65535 65535 65535 65535 65535 65535
813 817 820 820 820 822 829 835 841 845 849 852 860 863 865 866 866 864 864 867 869 870 870 868 865 870 875 877 873 869 869 868 864 860 860 862 863 861 856 855 853 847 838 830 823 813 808 803 803 803 802 803 803 802 801 800 65535 65535 65535 65535 65535 65535 65535 65535 65535 65535 65535 65535 65535 65535 65535 65535 65535 65535 65535 65535 65535 65535 65535 65535 65535 65535 65535 65535 65535 65535 65535 65535
822 825 828 829 829 832 837 844 851 860 869 873 878 880 879 882 879 878 879 881 882 883 884 884 885 886 889 889 885 885 881 880 874 872 872 871 869 868 865 861 859 852 843 833 826 818 811 808 806 804 803 803 803 803 802 800 65535 65535 65535 65535 65535 65535 65535 65535 65535 65535 65535 65535 65535 65535 65535 65535 65535 65535 65535 65535 65535 65535 65535 65535 65535 65535 65535 65535 65535 65535 65535 65535
835 836 838 839 842 844 851 858 865 877 887 887 890 889 889 889 889 890 893 894 896 896 898 902 901 903 906 903 903 905 902 895 889 886 886 883 879 878 877 871 865 859 847 838 829 823 816 812 809 806 804 804 805 804 804 802 65535 65535 65535 65535 65535 65535 65535 65535 65535 65535 65535 65535 65535 65535 65535 65535 65535 65535 65535 65535 65535 65535 65535 65535 65535 65535 65535 65535 65535 65535 65535 65535
849 850 849 852 856 860 866 876 883 889 892 892 894 894 894 896 896 899 903 907 912 916 918 919 922 924 925 924 925 922 917 910 905 902 898 894 891 892 887 881 875 867 854 844 834 827 822 817 815 811 807 807 807 807 807 807 805 65535 65535 65535 65535 65535 65535 65535 65535 65535 65535 65535 65535 65535 65535 65535 65535 65535 65535 65535 65535 65535 65535 65535 65535 65535 65535 65535 65535 65535 65535 65535
864 865 867 867 870 872 878 886 890 893 893 895 897 898 899 901 904 908 915 923 929 933 936 937 942 944 945 943 939 930 922 918 913 907 901 898 897 896 891 884 878 869 860 851 839 831 826 824 821 815 811 809 810 811 813 813 813 65535 65535 65535 65535 65535 65535 65535 65535 65535 65535 65535 65535 65535 65535 65535 65535 65535 65535 65535 65535 65535 65535 65535 65535 65535 65535 65535 65535 65535 65535 65535
877 880 880 880 881 881 884 889 891 893 895 897 900 903 906 909 914 920 929 937 941 948 952 955 960 966 964 957 948 938 931 923 917 911 904 898 895 893 888 882 875 867 860 854 843 835 832 831 829 823 816 813 815 820 824 826 824 65535 65535 65535 65535 65535 65535 65535 65535 65535 65535 65535 65535 65535 65535 65535 65535 65535 65535 65535 65535 65535 65535 65535 65535 65535 65535 65535 65535 65535 65535 65535
887 887 886 885 885 886 889 891 892 895 898 901 904 908 914 920 927 933 939 948 959 963 969 974 979 977 973 962 952 943 938 929 920 914 905 896 891 888 885 878 871 863 857 852 843 839 836 836 833 827 821 820 825 831 836 839 840 839 65535 65535 65535 65535 65535 65535 65535 65535 65535 65535 65535 65535 65535 65535 65535 65535 65535 65535 65535 65535 65535 65535 65535 65535 65535 65535 65535 65535 65535 65535
889 886 885 885 886 888 890 891 894 896 900 904 909 915 922 929 936 942 950 959 970 976 981 986 984 980 973 965 953 944 938 926 918 911 901 893 886 884 881 873 865 858 852 847 843 840 837 834 831 828 826 829 834 839 845 850 852 853 65535 65535 65535 65535 65535 65535 65535 65535 65535 65535 65535 65535 65535 65535 65535 65535 65535 65535 65535 65535 65535 65535 65535 65535 65535 65535 65535 65535 65535 65535
888 886 884 883 883 885 887 889 893 898 902 909 917 924 931 936 944 952 961 970 978 983 986 988 984 979 974 966 956 943 932 921 914 905 896 887 881 879 874 866 857 852 848 845 841 839 836 831 829 829 832 835 838 844 848 853 857 861 65535 65535 65535 65535 65535 65535 65535 65535 65535 65535 65535 65535 65535 65535 65535 65535 65535 65535 65535 65535 65535 65535 65535 65535 65535 65535 65535 65535 65535 65535
886 883 880 876 879 883 887 891 897 904 910 919 927 933 941 949 957 966 971 976 980 982 983 983 981 978 974 967 957 943 927 919 909 898 889 880 877 874 869 861 853 847 844 841 839 838 836 833 831 834 837 839 842 846 851 856 859 863 866 65535 65535 65535 65535 65535 65535 65535 65535 65535 65535 65535 65535 65535 65535 65535 65535 65535 65535 65535 65535 65535 65535 65535 65535 65535 65535 65535 65535 65535
879 878 875 874 876 881 888 896 905 914 923 932 936 947 957 963 969 974 976 978 980 980 979 978 977 974 969 965 956 941 927 915 902 892 884 876 873 870 865 859 852 845 841 840 839 838 835 834 835 837 840 842 846 851 855 857 861 863 865 65535 65535 65535 65535 65535 65535 65535 65535 65535 65535 65535 65535 65535 65535 65535 65535 65535 65535 65535 65535 65535 65535 65535 65535 65535 65535 65535 65535 65535
875 872 871 871 875 881 890 900 911 925 936 941 948 958 966 970 974 978 981 981 980 978 976 976 974 970 966 959 950 938 922 909 894 885 878 872 868 865 860 857 853 848 845 843 842 838 836 835 837 839 841 847 851 856 857 858 858 858 858 65535 65535 65535 65535 65535 65535 65535 65535 65535 65535 65535 65535 65535 65535 65535 65535 65535 65535 65535 65535 65535 65535 65535 65535 65535 65535 65535 65535 65535
868 865 861 864 871 879 890 904 916 931 944 952 956 962 966 970 974 979 982 980 976 975 975 974 971 965 959 951 940 925 911 899 889 882 875 868 863 861 857 856 855 851 849 847 844 842 841 842 843 845 848 852 857 858 858 857 854 849 847 847 65535 65535 65535 65535 65535 65535 65535 65535 65535 65535 65535 65535 65535 65535 65535 65535 65535 65535 65535 65535 65535 65535 65535 65535 65535 65535 65535 65535
859 855 855 860 869 878 893 907 920 935 947 952 956 960 962 967 971 975 977 975 972 970 969 967 964 959 951 942 927 915 903 891 884 879 873 866 862 860 858 856 854 850 848 848 848 850 853 852 854 855 857 861 860 858 854 851 845 838 837 836 65535 65535 65535 65535 65535 65535 65535 65535 65535 65535 65535 65535 65535 65535 65535 65535 65535 65535 65535 65535 65535 65535 65535 65535 65535 65535 65535 65535
851 852 857 864 870 879 893 908 922 934 944 948 951 954 956 960 964 967 969 966 963 963 960 959 956 950 945 931 917 909 898 888 882 877 871 866 863 861 859 856 853 849 848 851 857 860 864 865 864 864 866 864 860 853 844 838 832 827 826 825 65535 65535 65535 65535 65535 65535 65535 65535 65535 65535 65535 65535 65535 65535 65535 65535 65535 65535 65535 65535 65535 65535 65535 65535 65535 65535 65535 65535
848 856 863 869 875 886 895 910 923 932 939 945 948 948 949 953 954 955 955 954 953 953 952 951 949 943 934 922 911 902 895 889 883 877 871 867 864 861 858 856 852 850 850 854 860 864 869 870 868 867 863 855 848 839 832 826 819 814 813 810 808 65535 65535 65535 65535 65535 65535 65535 65535 65535 65535 65535 65535 65535 65535 65535 65535 65535 65535 65535 65535 65535 65535 65535 65535 65535 65535 65535
850 860 869 874 886 900 907 915 924 927 933 940 942 940 941 943 944 945 943 944 945 947 945 944 941 933 924 914 906 898 893 890 887 883 875 868 862 858 854 853 852 851 852 855 860 866 866 866 863 858 848 839 832 826 820 814 806 801 800 799 796 65535 65535 65535 65535 65535 65535 65535 65535 65535 65535 65535 65535 65535 65535 65535 65535 65535 65535 65535 65535 65535 65535 65535 65535 65535 65535 65535
855 865 871 882 895 908 915 919 925 929 931 935 936 935 935 937 939 940 940 939 939 939 937 935 932 923 916 909 902 897 895 894 894 890 879 868 861 857 853 852 853 852 853 856 859 862 858 855 850 841 830 825 820 813 805 801 794 792 791 791 789 65535 65535 65535 65535 65535 65535 65535 65535 65535 65535 65535 65535 65535 65535 65535 65535 65535 65535 65535 65535 65535 65535 65535 65535 65535 65535 65535
860 868 878 890 906 916 920 924 928 929 931 933 934 933 932 934 936 937 937 934 931 931 929 925 921 914 909 903 899 899 898 898 898 893 881 869 862 859 855 853 853 852 852 853 854 849 843 839 832 823 817 813 807 801 795 791 787 786 786 785 783 781 65535 65535 65535 65535 65535 65535 65535 65535 65535 65535 65535 65535 65535 65535 65535 65535 65535 65535 65535 65535 65535 65535 65535 65535 65535 65535
