WATER BALANCE/maps/dem_converted.asc
ncols        582
nrows        690
xllcorner    28.442361111000
yllcorner    -22.588750000062
cellsize     0.000277777778
NODATA_value 65535
[rows 546 to 584 of 690, columns 264 to 351 of 582]
741 743 742 742 743 743 744 744 744 745 746 747 748 747 746 746 746 747 747 745 744 745 745 744 743 744 744 744 743 741 740 740 741 741 738 738 738 737 738 739 740 741 740 739 740 741 741 742 742 742 743 744 743 743 743 743 744 743 743 742 743 743 743 742 741 741 742 742 740 739 739 739 739 738 737 736 735 735 735 736 735 735 735 735 735 735 735 734
741 742 742 743 743 743 743 743 744 745 745 745 746 747 746 746 746 746 746 746 744 744 744 745 744 743 743 744 744 742 740 739 741 740 737 737 737 737 737 738 740 740 739 740 740 741 741 742 742 742 742 742 743 743 743 744 743 742 741 741 740 741 741 741 739 739 740 739 739 739 739 738 738 737 737 736 735 735 736 735 735 734 734 735 734 733 732 731
741 742 743 744 744 744 743 744 744 744 743 743 744 745 746 746 746 746 747 747 745 744 744 746 744 743 744 744 744 741 740 740 739 739 737 737 737 737 737 739 739 739 739 740 741 741 741 741 741 742 741 741 742 743 744 744 743 742 742 740 740 740 740 740 739 739 738 738 738 738 738 737 736 737 736 736 735 736 736 736 735 733 734 734 733 731 730 731
741 742 743 744 744 743 745 745 745 744 743 743 743 744 745 746 746 747 746 746 745 743 743 744 744 744 744 744 742 741 740 740 739 740 738 737 737 737 737 738 737 737 737 739 741 741 740 739 740 741 742 741 742 743 742 742 741 742 742 741 741 740 739 738 739 739 739 739 738 738 738 737 737 736 736 736 735 735 735 736 735 733 732 732 731 730 730 731
741 741 741 742 742 742 744 745 746 745 745 745 744 743 744 744 744 744 744 744 743 742 742 742 742 743 743 742 741 740 740 740 739 740 739 737 737 737 737 737 736 735 736 737 738 739 739 738 738 740 742 741 742 743 741 740 740 741 742 742 741 741 739 738 738 740 740 739 738 738 738 738 737 735 735 735 735 734 733 734 734 731 730 730 730 729 729 730
740 741 741 741 742 742 743 745 745 745 746 747 746 743 742 743 743 742 742 743 743 742 742 742 741 742 740 740 740 740 741 740 739 739 738 737 737 737 737 735 734 734 734 735 736 737 737 737 737 739 740 739 740 740 739 739 739 740 742 742 741 741 739 738 738 739 738 738 738 738 738 738 736 734 734 733 733 732 731 732 731 730 729 729 728 728 728 729
740 741 741 743 743 744 744 744 744 744 745 746 746 744 742 742 742 742 742 742 742 743 743 742 741 740 739 739 740 741 742 741 739 737 737 737 738 738 735 734 734 734 734 734 735 736 736 736 737 738 738 738 738 738 738 739 739 740 740 741 740 738 738 739 739 737 737 737 738 737 736 736 736 735 733 732 731 731 731 730 730 729 729 728 727 727 727 728
740 741 742 744 744 744 744 744 743 742 743 744 745 744 743 743 743 744 743 742 742 742 741 740 740 739 739 739 739 741 742 741 739 737 737 737 738 737 735 734 735 734 734 734 734 735 736 736 735 736 737 738 738 738 738 738 739 740 739 739 738 737 737 738 738 737 736 737 736 735 734 735 737 736 735 733 731 731 731 730 729 728 727 727 726 726 727 727
739 740 741 742 742 742 743 744 742 741 741 743 745 745 744 744 745 746 745 744 744 741 740 739 738 738 738 738 738 739 739 739 738 737 736 736 735 735 734 734 734 734 734 734 734 734 736 736 734 735 737 737 737 737 737 738 739 739 738 738 738 736 736 736 736 736 736 736 735 735 734 734 735 736 735 733 731 731 731 730 729 728 727 726 726 726 727 727
737 738 740 741 741 742 743 743 743 742 741 742 743 744 744 744 745 746 746 745 744 742 740 739 738 738 738 738 738 738 738 737 737 735 735 734 733 733 733 733 733 733 734 735 734 734 735 734 734 735 737 737 736 736 736 737 737 737 737 737 737 735 735 736 735 736 736 736 735 736 734 732 733 733 732 731 730 730 729 728 728 728 726 726 725 725 726 726
737 739 741 741 742 742 741 741 742 742 742 740 742 744 743 744 744 744 743 743 741 740 741 740 738 738 738 738 738 739 738 736 736 735 734 733 733 733 734 733 733 734 735 734 734 734 734 734 734 735 737 738 736 735 736 736 736 735 736 735 735 735 736 736 736 735 736 736 735 734 733 732 731 731 730 728 728 728 727 727 727 727 727 725 725 725 725 725
737 738 740 741 742 741 741 741 741 742 741 740 741 743 743 742 743 743 742 741 739 739 740 739 738 738 739 739 739 740 739 736 736 736 735 735 735 735 734 733 734 735 734 733 733 733 733 734 733 733 735 735 735 735 736 737 736 735 735 735 735 734 736 737 736 735 736 736 734 732 732 733 733 732 730 728 727 727 727 727 727 727 726 726 726 726 726 726
736 737 737 739 738 740 740 741 741 741 740 739 740 742 741 740 741 742 741 740 740 740 739 739 739 740 740 740 740 740 738 736 737 737 737 736 736 734 733 733 733 734 734 733 732 732 733 733 732 732 732 733 733 734 735 736 736 735 735 735 734 733 734 735 734 734 734 734 733 732 732 733 734 733 732 730 729 728 727 727 727 727 727 727 728 727 727 726
736 736 736 736 736 737 739 739 739 739 740 740 739 740 739 739 740 742 741 739 740 740 740 740 740 740 740 739 739 738 737 737 737 738 738 737 735 734 733 733 733 734 733 732 731 730 731 732 732 732 732 732 731 732 734 735 735 734 734 735 734 733 734 735 734 733 733 733 733 734 734 734 733 733 733 732 730 729 729 728 728 729 728 729 729 728 727 726
734 735 735 735 735 738 739 738 738 738 739 740 739 740 740 739 740 742 741 739 739 740 740 740 740 740 740 739 738 737 737 737 738 738 737 737 735 735 734 733 733 732 731 730 729 729 729 731 733 733 732 731 730 731 733 735 734 732 732 732 732 733 735 736 734 733 734 734 734 735 735 734 733 734 733 732 730 730 730 730 730 729 730 729 729 729 729 728
734 734 735 735 736 737 738 737 737 738 738 739 740 740 740 739 740 741 740 739 738 739 739 740 740 740 741 740 738 737 737 738 739 739 738 737 736 734 735 734 732 730 729 729 729 729 729 731 733 733 732 731 729 730 732 734 732 731 730 730 732 734 736 737 736 736 736 735 735 735 735 734 734 734 734 731 730 730 730 730 730 730 730 729 730 730 731 730
734 734 735 735 736 736 736 736 737 737 738 739 739 739 739 739 739 739 738 737 737 737 738 739 739 739 741 741 740 738 737 738 739 740 739 739 736 734 733 733 731 729 729 729 730 729 729 730 732 732 732 729 729 729 731 732 731 729 729 730 732 735 736 736 737 738 737 737 736 736 735 734 734 735 734 732 731 731 732 730 730 730 731 731 730 731 732 730
734 734 735 735 735 735 735 736 736 737 738 738 738 737 738 739 740 738 735 735 736 737 737 737 737 738 740 741 740 739 737 737 738 739 738 737 736 733 732 732 732 730 729 730 731 730 729 729 731 731 730 729 729 729 729 730 730 729 729 731 733 735 735 736 737 738 736 736 736 736 736 735 734 735 735 733 733 733 733 731 731 732 733 733 731 731 731 730
734 734 734 734 734 735 735 735 735 735 737 738 737 736 737 739 740 737 735 735 737 737 737 736 737 737 739 740 739 738 736 736 737 737 736 735 735 733 733 733 732 731 730 730 730 728 728 729 729 729 729 729 729 729 729 729 729 729 729 732 735 734 735 736 737 736 735 736 736 736 736 735 734 735 735 734 733 734 734 733 732 733 734 734 732 731 732 731
732 732 733 734 734 734 735 735 734 734 736 737 736 735 736 737 737 736 735 735 736 736 736 737 737 737 737 738 738 737 737 736 737 737 735 735 734 734 734 733 732 730 730 730 729 728 729 729 729 729 729 730 731 730 729 729 729 729 729 733 735 735 735 735 736 735 736 736 736 735 735 736 735 735 735 733 732 733 734 734 733 733 734 734 732 732 732 732
730 730 732 734 734 734 734 734 734 736 736 736 735 734 734 734 735 735 735 735 734 734 735 736 737 736 736 737 738 738 736 736 737 737 735 734 734 735 735 733 731 731 731 730 729 729 731 730 729 730 731 732 731 730 729 729 729 729 730 732 735 735 735 735 735 735 735 737 737 735 736 737 736 735 734 732 732 733 733 734 734 734 734 734 733 733 733 732
730 732 733 734 735 734 733 733 734 735 735 734 734 734 734 734 734 734 734 735 735 734 734 736 737 736 735 736 737 737 736 735 736 735 734 733 733 734 734 733 732 731 730 730 729 729 730 730 729 730 731 731 730 729 729 729 729 730 732 733 734 734 734 734 734 735 735 736 737 737 737 738 737 735 734 732 731 732 732 732 733 733 733 734 733 733 732 731
731 733 732 733 734 734 733 733 733 734 734 734 734 734 734 734 734 734 734 734 734 734 734 736 737 736 735 734 735 735 735 736 735 734 733 733 733 732 732 731 731 731 729 729 729 729 729 729 729 729 728 728 728 728 729 729 731 733 734 733 734 735 734 734 734 735 736 736 737 737 737 736 736 735 734 732 731 731 731 731 731 732 732 733 733 732 732 729
730 731 731 733 734 733 733 733 734 735 735 734 734 734 734 735 735 735 734 733 733 734 734 735 736 735 734 733 734 735 736 737 736 734 733 733 733 732 731 730 731 731 729 728 728 729 729 729 729 728 727 727 728 729 729 729 732 734 734 734 735 736 734 734 734 737 737 736 736 735 734 735 735 734 733 731 730 730 729 729 728 729 730 731 732 731 729 728
731 732 732 732 732 732 733 734 735 735 735 735 735 736 736 736 735 735 734 733 734 734 733 734 734 733 733 733 735 736 738 738 736 734 733 733 733 732 731 730 731 730 729 728 727 727 727 727 728 729 727 727 728 729 729 730 732 733 734 734 735 736 735 734 735 736 735 734 733 732 732 732 733 732 732 730 729 728 727 726 727 728 729 730 730 728 727 727
732 734 733 732 732 732 733 735 735 736 736 736 737 737 737 736 735 733 732 731 733 733 734 733 733 733 733 734 735 736 738 737 735 734 734 733 732 732 732 730 729 729 729 728 728 727 726 726 727 728 729 729 727 727 728 729 730 732 733 734 735 736 735 736 736 735 733 731 731 730 729 730 730 730 730 729 728 726 724 725 726 728 729 728 728 727 725 725
733 734 734 733 732 732 732 733 734 737 738 738 737 737 736 735 733 732 731 731 731 733 734 734 734 735 735 736 735 734 735 735 734 734 734 732 731 732 732 731 729 729 728 728 728 728 728 727 726 727 728 729 727 727 727 728 729 731 732 733 734 735 735 734 735 734 732 731 730 729 728 729 729 729 729 728 727 725 724 723 725 728 728 727 726 726 725 725
733 734 734 733 733 733 732 733 734 737 739 737 737 736 734 733 732 732 732 731 731 732 733 734 733 734 736 736 735 734 734 734 734 734 733 731 731 731 732 731 731 729 728 728 729 729 729 727 726 725 726 728 727 727 727 728 728 730 732 732 733 734 733 733 734 734 731 730 729 728 727 727 728 728 728 728 727 725 724 723 724 725 726 725 726 727 726 725
732 733 733 732 735 735 735 734 735 737 737 736 734 734 732 732 732 732 731 731 731 731 733 733 732 733 734 735 735 733 733 733 733 732 731 731 731 732 731 732 731 730 729 728 728 728 728 726 725 724 724 725 727 727 728 729 729 730 732 733 734 734 733 733 735 734 728 727 727 727 725 725 727 728 727 726 725 723 723 723 723 723 724 724 725 726 727 724
730 731 732 732 733 736 735 734 735 736 736 735 734 732 731 731 731 730 730 731 731 732 732 732 731 731 732 734 733 732 731 731 731 732 731 731 731 731 731 730 730 729 728 727 727 727 725 725 724 724 724 724 724 726 727 728 729 731 732 734 734 734 733 734 735 733 729 727 727 726 725 724 725 726 726 725 723 722 722 722 722 721 722 722 723 726 726 724
729 729 730 731 732 734 735 734 735 736 736 735 734 732 731 731 730 730 730 730 731 731 731 731 731 731 731 732 732 731 731 731 731 732 732 732 732 731 729 729 728 727 726 725 725 725 724 724 725 724 724 724 724 725 727 727 728 730 732 733 732 732 732 733 733 732 730 727 727 727 725 723 723 724 724 723 721 721 722 721 720 720 719 720 721 724 724 722
728 728 730 731 731 734 735 735 734 735 735 735 734 732 732 732 732 731 731 731 731 731 731 731 730 730 730 731 731 731 731 731 731 732 732 731 731 730 729 729 728 726 726 726 725 725 724 723 724 724 724 724 724 725 727 727 727 730 731 732 732 732 732 731 731 730 729 726 726 726 724 722 722 722 722 721 719 720 720 720 719 718 718 719 720 721 721 720
728 729 730 731 732 733 734 734 733 733 734 736 735 734 733 733 733 733 733 731 731 731 731 731 731 730 730 731 732 732 732 731 730 730 730 730 731 730 729 729 727 725 726 727 727 725 723 722 724 725 725 724 725 727 727 727 727 729 731 732 733 734 732 730 730 729 728 728 727 726 724 722 720 720 720 720 719 719 719 718 717 717 718 719 720 721 720 719
728 728 730 731 731 733 733 733 732 733 734 735 736 734 734 733 732 733 733 732 731 732 731 730 731 731 730 731 733 733 732 731 729 729 730 730 730 729 728 728 726 725 725 727 727 725 723 723 724 726 725 726 728 728 728 727 727 729 731 730 732 732 731 730 730 729 729 729 728 727 725 723 720 720 720 720 720 719 718 716 716 716 716 718 719 719 718 718
728 728 729 730 731 732 734 732 732 732 733 733 733 733 734 733 732 731 732 731 729 729 730 730 730 730 731 732 732 732 732 730 729 728 729 730 729 727 727 727 726 725 725 725 724 724 724 725 725 725 726 726 727 728 728 727 728 730 730 729 729 731 730 731 731 730 729 730 729 728 727 724 721 721 721 720 720 719 718 717 716 716 716 717 717 717 716 715
727 727 727 729 730 731 731 731 731 731 732 732 732 732 732 732 730 730 730 729 727 727 728 729 730 730 731 731 731 732 732 731 730 728 728 729 728 727 727 727 726 724 724 724 724 724 724 725 725 725 726 726 727 727 727 728 729 730 729 729 730 730 731 731 731 731 730 731 730 728 729 726 723 721 722 721 721 720 719 719 717 716 716 716 716 714 713 713
727 727 727 727 728 729 729 728 730 731 733 732 731 731 732 732 731 729 729 727 727 727 727 727 729 730 730 729 730 731 732 732 731 729 728 728 728 727 727 727 725 724 724 724 724 724 724 724 724 725 726 726 728 728 728 729 729 729 729 730 730 731 731 731 731 731 731 731 730 730 730 728 723 721 721 722 721 721 721 719 717 716 716 715 714 713 712 712
727 727 726 727 727 728 728 728 730 732 734 732 731 731 733 734 734 732 728 727 727 727 727 727 727 729 729 728 728 729 730 730 730 728 727 727 726 726 725 725 724 724 724 724 724 724 724 724 724 725 725 726 728 728 727 728 728 730 731 731 731 731 732 731 731 732 733 732 732 730 730 729 724 721 721 722 722 722 721 720 718 716 717 715 713 712 712 711
727 726 726 727 728 728 728 728 729 731 733 732 731 731 733 734 734 733 728 727 727 727 727 727 727 727 728 726 727 728 728 729 729 727 726 726 726 726 725 725 724 725 724 724 725 724 724 724 724 724 724 727 728 727 727 728 729 730 731 731 731 732 732 732 732 733 733 733 731 729 729 728 726 724 723 723 722 721 722 722 720 719 718 715 714 714 713 711
