WATER BALANCE/maps/slope_converted.asc
ncols        582
nrows        690
xllcorner    28.442361111000
yllcorner    -22.588750000062
cellsize     0.000277777778
NODATA_value  -9999
[rows 560 to 587 of 690, columns 496 to 557 of 582]
63639.609375 63639.609375 371079.5 497041.25 180000 63639.609375 90000 63639.609375 180000 201246.125 318198.0625 426907.46875 262392.84375 63639.609375 63639.609375 229455.875 547448.625 766322.375 676498.3125 484664.84375 342709.78125 262392.84375 201246.125 262392.84375 445477.28125 402492.25 402492.25 509116.875 639570.1875 636396.125 402492.25 201246.125 63639.609375 318198.0625 497041.25 547448.625 603738.375 648999.25 648999.25 543737.0625 371079.5 445477.28125 524785.6875 540000 547448.625 497041.25 450000 513078.9375 484664.84375 229455.875 90000 127279.21875 180000 284605 229455.875 262392.84375 201246.125 180000 342709.78125 180000 655209.875 797402
63639.609375 142302.5 371079.5 360000 190918.828125 180000 229455.875 318198.0625 342709.78125 381837.65625 450000 407492.34375 262392.84375 90000 254558.4375 387104.625 371079.5 360000 342709.78125 381837.65625 371079.5 407492.34375 229455.875 0 254558.4375 324499.625 324499.625 445477.28125 576281.1875 572756.5 513078.9375 387104.625 270000 190918.828125 180000 229455.875 387104.625 509116.875 513078.9375 524785.6875 371079.5 450000 576281.1875 450000 426907.46875 360000 407492.34375 497041.25 586728.1875 450000 318198.0625 229455.875 445477.28125 262392.84375 127279.21875 284605 324499.625 360000 371079.5 90000 543737.0625 763675.3125
229455.875 254558.4375 402492.25 318198.0625 318198.0625 407492.34375 513078.9375 547448.625 497041.25 402492.25 387104.625 180000 324499.625 142302.5 229455.875 270000 90000 0 127279.21875 342709.78125 497041.25 497041.25 450000 262392.84375 142302.5 142302.5 142302.5 262392.84375 513078.9375 371079.5 342709.78125 513078.9375 407492.34375 180000 0 0 180000 360000 201246.125 342709.78125 484664.84375 450000 543737.0625 180000 254558.4375 284605 484664.84375 497041.25 586728.1875 664417.0625 664417.0625 497041.25 450000 190918.828125 318198.0625 142302.5 407492.34375 513078.9375 402492.25 229455.875 463303.34375 711512.5
655209.875 463303.34375 513078.9375 318198.0625 229455.875 342709.78125 402492.25 371079.5 360000 318198.0625 254558.4375 90000 262392.84375 190918.828125 63639.609375 318198.0625 254558.4375 90000 324499.625 655209.875 766322.375 655209.875 648999.25 569210 540000 497041.25 360000 201246.125 450000 342709.78125 324499.625 600374.875 497041.25 180000 0 0 142302.5 324499.625 318198.0625 407492.34375 513078.9375 458911.75 450000 180000 262392.84375 450000 524785.6875 426907.46875 450000 450000 513078.9375 426907.46875 180000 318198.0625 270000 262392.84375 484664.84375 513078.9375 371079.5 254558.4375 360000 458911.75
774209.25 572756.5 543737.0625 342709.78125 63639.609375 142302.5 201246.125 180000 324499.625 600374.875 630000 426907.46875 318198.0625 262392.84375 284605 201246.125 284605 387104.625 636396.125 648999.25 586728.1875 742159 911180.5625 884109.75 766322.375 676498.3125 569210 342709.78125 180000 324499.625 445477.28125 742159 547448.625 201246.125 63639.609375 63639.609375 229455.875 497041.25 586728.1875 407492.34375 284605 318198.0625 450000 407492.34375 540000 664417.0625 426907.46875 324499.625 318198.0625 318198.0625 342709.78125 254558.4375 318198.0625 387104.625 63639.609375 284605 407492.34375 450000 360000 318198.0625 190918.828125 201246.125
774209.25 711512.5 547448.625 371079.5 142302.5 270000 402492.25 450000 540000 639570.1875 720000 787178.5 576281.1875 371079.5 407492.34375 407492.34375 324499.625 484664.84375 513078.9375 371079.5 254558.4375 360000 569210 685419.5625 569210 426907.46875 450000 450000 142302.5 142302.5 402492.25 829759 569210 254558.4375 190918.828125 180000 450000 626777.5 688367.625 586728.1875 318198.0625 190918.828125 387104.625 342709.78125 426907.46875 402492.25 190918.828125 458911.75 402492.25 463303.34375 576281.1875 484664.84375 402492.25 254558.4375 142302.5 229455.875 342709.78125 513078.9375 407492.34375 360000 180000 63639.609375
886397.1875 917823.5 586728.1875 318198.0625 262392.84375 201246.125 254558.4375 484664.84375 688367.625 776820.4375 324499.625 639570.1875 636396.125 426907.46875 360000 342709.78125 180000 360000 402492.25 463303.34375 371079.5 90000 63639.609375 262392.84375 342709.78125 201246.125 254558.4375 513078.9375 445477.28125 229455.875 342709.78125 766322.375 540000 142302.5 201246.125 360000 655209.875 513078.9375 426907.46875 636396.125 572756.5 402492.25 445477.28125 262392.84375 190918.828125 63639.609375 270000 540000 458911.75 484664.84375 458911.75 180000 63639.609375 180000 324499.625 262392.84375 201246.125 497041.25 497041.25 360000 180000 0
911180.5625 1053423 725603.1875 463303.34375 586728.1875 856183.375 1006230.5625 969329.6875 900000 774209.25 254558.4375 402492.25 513078.9375 387104.625 270000 371079.5 458911.75 342709.78125 201246.125 407492.34375 458911.75 142302.5 63639.609375 262392.84375 284605 127279.21875 270000 543737.0625 744882.5625 688367.625 569210 787178.5 586728.1875 229455.875 190918.828125 407492.34375 720000 450000 63639.609375 387104.625 576281.1875 569210 603738.375 450000 270000 180000 318198.0625 603738.375 655209.875 458911.75 342709.78125 254558.4375 180000 262392.84375 387104.625 371079.5 318198.0625 402492.25 547448.625 371079.5 142302.5 0
742159 969329.6875 766322.375 569210 600374.875 768960.3125 884109.75 939627.5625 886397.1875 603738.375 318198.0625 387104.625 509116.875 450000 360000 407492.34375 497041.25 458911.75 270000 342709.78125 407492.34375 180000 142302.5 284605 63639.609375 284605 371079.5 450000 688367.625 829759 766322.375 766322.375 445477.28125 180000 90000 262392.84375 744882.5625 603738.375 127279.21875 127279.21875 324499.625 402492.25 450000 342709.78125 284605 270000 318198.0625 569210 711512.5 543737.0625 342709.78125 190918.828125 142302.5 142302.5 318198.0625 190918.828125 229455.875 381837.65625 543737.0625 402492.25 201246.125 180000
540000 742159 576281.1875 513078.9375 458911.75 318198.0625 342709.78125 513078.9375 524785.6875 407492.34375 318198.0625 324499.625 445477.28125 463303.34375 407492.34375 318198.0625 270000 324499.625 262392.84375 201246.125 318198.0625 201246.125 90000 262392.84375 426907.46875 371079.5 180000 190918.828125 342709.78125 513078.9375 497041.25 324499.625 90000 63639.609375 90000 90000 547448.625 655209.875 284605 0 63639.609375 201246.125 229455.875 142302.5 142302.5 180000 371079.5 586728.1875 540000 513078.9375 387104.625 360000 426907.46875 229455.875 270000 190918.828125 190918.828125 318198.0625 450000 407492.34375 254558.4375 318198.0625
371079.5 484664.84375 543737.0625 636396.125 513078.9375 201246.125 284605 676498.3125 524785.6875 407492.34375 318198.0625 229455.875 229455.875 201246.125 127279.21875 142302.5 180000 262392.84375 324499.625 180000 229455.875 229455.875 262392.84375 513078.9375 655209.875 513078.9375 318198.0625 142302.5 318198.0625 180000 284605 229455.875 180000 262392.84375 360000 513078.9375 576281.1875 543737.0625 371079.5 142302.5 180000 254558.4375 254558.4375 229455.875 270000 229455.875 513078.9375 636396.125 426907.46875 463303.34375 402492.25 513078.9375 543737.0625 450000 201246.125 0 190918.828125 402492.25 484664.84375 484664.84375 324499.625 201246.125
180000 262392.84375 407492.34375 497041.25 586728.1875 509116.875 262392.84375 829759 711512.5 284605 463303.34375 342709.78125 201246.125 190918.828125 229455.875 342709.78125 407492.34375 458911.75 484664.84375 458911.75 426907.46875 513078.9375 711512.5 827314.9375 829759 853814.9375 837048.375 407492.34375 387104.625 262392.84375 318198.0625 407492.34375 450000 484664.84375 569210 655209.875 569210 450000 450000 342709.78125 360000 342709.78125 262392.84375 180000 180000 190918.828125 547448.625 600374.875 402492.25 387104.625 318198.0625 284605 371079.5 318198.0625 142302.5 201246.125 142302.5 270000 387104.625 586728.1875 711512.5 688367.625
371079.5 360000 360000 458911.75 685419.5625 849058.3125 725603.1875 893224.5 664417.0625 270000 576281.1875 648999.25 569210 586728.1875 630000 600374.875 497041.25 426907.46875 426907.46875 586728.1875 776820.4375 827314.9375 963042.0625 946070.8125 917823.5 939627.5625 1083743.5 664417.0625 463303.34375 402492.25 360000 360000 360000 402492.25 450000 342709.78125 229455.875 254558.4375 402492.25 254558.4375 180000 142302.5 63639.609375 0 0 229455.875 547448.625 497041.25 360000 229455.875 90000 90000 458911.75 180000 254558.4375 284605 201246.125 90000 190918.828125 262392.84375 318198.0625 318198.0625
688367.625 586728.1875 497041.25 543737.0625 676498.3125 946070.8125 766322.375 513078.9375 426907.46875 318198.0625 463303.34375 576281.1875 547448.625 676498.3125 676498.3125 497041.25 284605 262392.84375 360000 603738.375 768960.3125 797402 766322.375 636396.125 484664.84375 513078.9375 911180.5625 543737.0625 254558.4375 318198.0625 270000 229455.875 229455.875 387104.625 450000 318198.0625 270000 387104.625 445477.28125 262392.84375 142302.5 63639.609375 0 0 63639.609375 342709.78125 513078.9375 407492.34375 318198.0625 190918.828125 142302.5 190918.828125 445477.28125 497041.25 543737.0625 402492.25 318198.0625 284605 484664.84375 655209.875 886397.1875 1006230.5625
463303.34375 342709.78125 284605 445477.28125 426907.46875 576281.1875 450000 180000 318198.0625 407492.34375 201246.125 342709.78125 342709.78125 513078.9375 513078.9375 450000 324499.625 318198.0625 426907.46875 576281.1875 576281.1875 484664.84375 450000 402492.25 90000 426907.46875 814984.6875 458911.75 254558.4375 387104.625 270000 284605 402492.25 648999.25 744882.5625 676498.3125 630000 626777.5 371079.5 90000 90000 90000 0 0 142302.5 371079.5 360000 324499.625 402492.25 497041.25 547448.625 547448.625 600374.875 586728.1875 360000 342709.78125 284605 725603.1875 911180.5625 1053423 1229085 1138420
402492.25 201246.125 407492.34375 524785.6875 229455.875 342709.78125 387104.625 458911.75 342709.78125 371079.5 142302.5 262392.84375 262392.84375 201246.125 201246.125 450000 547448.625 676498.3125 742159 744882.5625 603738.375 426907.46875 402492.25 387104.625 201246.125 458911.75 586728.1875 711512.5 776820.4375 744882.5625 630000 676498.3125 768960.3125 911180.5625 886397.1875 742159 513078.9375 180000 324499.625 484664.84375 497041.25 360000 229455.875 142302.5 142302.5 318198.0625 254558.4375 407492.34375 586728.1875 586728.1875 586728.1875 636396.125 569210 402492.25 318198.0625 387104.625 463303.34375 827314.9375 725603.1875 837048.375 963042.0625 853814.9375
711512.5 776820.4375 971416.5 810000 513078.9375 318198.0625 458911.75 636396.125 513078.9375 324499.625 270000 402492.25 229455.875 142302.5 127279.21875 360000 688367.625 865592.3125 917823.5 884109.75 725603.1875 586728.1875 513078.9375 426907.46875 402492.25 576281.1875 688367.625 856183.375 856183.375 797402 766322.375 810000 742159 702922.5 513078.9375 450000 450000 381837.65625 576281.1875 513078.9375 497041.25 513078.9375 426907.46875 342709.78125 180000 180000 180000 402492.25 497041.25 513078.9375 371079.5 262392.84375 324499.625 324499.625 324499.625 513078.9375 603738.375 586728.1875 402492.25 626777.5 744882.5625 450000
1026157.875 1006230.5625 829759 685419.5625 766322.375 484664.84375 524785.6875 540000 711512.5 676498.3125 636396.125 655209.875 600374.875 547448.625 513078.9375 484664.84375 586728.1875 626777.5 655209.875 600374.875 540000 540000 497041.25 360000 318198.0625 318198.0625 318198.0625 407492.34375 450000 484664.84375 513078.9375 540000 497041.25 387104.625 142302.5 569210 685419.5625 324499.625 360000 371079.5 142302.5 142302.5 190918.828125 262392.84375 262392.84375 90000 142302.5 342709.78125 324499.625 458911.75 543737.0625 450000 381837.65625 387104.625 450000 636396.125 636396.125 463303.34375 324499.625 636396.125 725603.1875 229455.875
688367.625 676498.3125 540000 576281.1875 766322.375 543737.0625 402492.25 402492.25 676498.3125 900000 725603.1875 524785.6875 458911.75 711512.5 766322.375 586728.1875 513078.9375 450000 342709.78125 229455.875 180000 229455.875 318198.0625 342709.78125 387104.625 254558.4375 142302.5 127279.21875 201246.125 387104.625 402492.25 360000 360000 270000 180000 711512.5 569210 90000 254558.4375 450000 513078.9375 497041.25 407492.34375 270000 63639.609375 127279.21875 201246.125 371079.5 360000 201246.125 402492.25 603738.375 685419.5625 655209.875 688367.625 742159 720000 676498.3125 547448.625 586728.1875 742159 381837.65625
360000 497041.25 513078.9375 576281.1875 700035.6875 586728.1875 407492.34375 513078.9375 586728.1875 497041.25 509116.875 463303.34375 284605 636396.125 540000 513078.9375 402492.25 254558.4375 0 142302.5 142302.5 180000 190918.828125 254558.4375 387104.625 342709.78125 318198.0625 229455.875 318198.0625 445477.28125 402492.25 318198.0625 201246.125 142302.5 360000 636396.125 450000 318198.0625 318198.0625 497041.25 676498.3125 720000 720000 655209.875 450000 90000 229455.875 426907.46875 484664.84375 254558.4375 229455.875 371079.5 543737.0625 600374.875 655209.875 655209.875 676498.3125 766322.375 856183.375 853814.9375 890954.5625 648999.25
342709.78125 318198.0625 318198.0625 402492.25 463303.34375 450000 547448.625 664417.0625 402492.25 201246.125 371079.5 445477.28125 484664.84375 576281.1875 270000 342709.78125 318198.0625 229455.875 190918.828125 142302.5 142302.5 284605 201246.125 190918.828125 318198.0625 360000 586728.1875 720000 655209.875 586728.1875 371079.5 254558.4375 229455.875 180000 318198.0625 450000 636396.125 856183.375 900000 904488.8125 856183.375 766322.375 720000 768960.3125 837048.375 636396.125 804984.5 926606.6875 804984.5 600374.875 540000 497041.25 484664.84375 497041.25 458911.75 342709.78125 402492.25 569210 688367.625 688367.625 639570.1875 381837.65625
254558.4375 180000 318198.0625 450000 450000 371079.5 543737.0625 543737.0625 407492.34375 463303.34375 569210 725603.1875 776820.4375 626777.5 450000 458911.75 407492.34375 407492.34375 513078.9375 543737.0625 426907.46875 450000 402492.25 371079.5 402492.25 426907.46875 603738.375 676498.3125 676498.3125 513078.9375 262392.84375 284605 254558.4375 324499.625 387104.625 284605 603738.375 865592.3125 990000 946070.8125 904488.8125 904488.8125 900000 971416.5 1170000 1215833 1224132.375 1053423 884109.75 720000 586728.1875 547448.625 600374.875 586728.1875 458911.75 318198.0625 381837.65625 381837.65625 324499.625 284605 254558.4375 142302.5
324499.625 270000 371079.5 586728.1875 648999.25 497041.25 463303.34375 402492.25 407492.34375 513078.9375 547448.625 540000 497041.25 458911.75 497041.25 586728.1875 676498.3125 676498.3125 636396.125 711512.5 676498.3125 626777.5 513078.9375 426907.46875 402492.25 342709.78125 387104.625 262392.84375 270000 201246.125 284605 254558.4375 284605 318198.0625 402492.25 180000 484664.84375 387104.625 318198.0625 360000 407492.34375 497041.25 497041.25 513078.9375 742159 900000 776820.4375 626777.5 569210 547448.625 484664.84375 342709.78125 360000 497041.25 600374.875 630000 569210 402492.25 324499.625 342709.78125 270000 63639.609375
254558.4375 180000 180000 324499.625 513078.9375 426907.46875 342709.78125 201246.125 63639.609375 142302.5 190918.828125 180000 229455.875 262392.84375 229455.875 262392.84375 458911.75 497041.25 458911.75 547448.625 630000 497041.25 270000 262392.84375 324499.625 180000 180000 201246.125 63639.609375 142302.5 254558.4375 318198.0625 324499.625 371079.5 318198.0625 90000 360000 371079.5 142302.5 0 0 63639.609375 254558.4375 180000 201246.125 371079.5 450000 426907.46875 342709.78125 262392.84375 324499.625 262392.84375 127279.21875 142302.5 229455.875 371079.5 458911.75 407492.34375 463303.34375 484664.84375 402492.25 324499.625
229455.875 0 0 90000 229455.875 190918.828125 63639.609375 324499.625 513078.9375 513078.9375 484664.84375 497041.25 547448.625 569210 636396.125 445477.28125 342709.78125 270000 63639.609375 142302.5 142302.5 142302.5 90000 63639.609375 190918.828125 201246.125 90000 142302.5 142302.5 90000 270000 318198.0625 387104.625 484664.84375 318198.0625 270000 318198.0625 402492.25 254558.4375 142302.5 90000 127279.21875 284605 63639.609375 360000 402492.25 458911.75 497041.25 360000 318198.0625 318198.0625 381837.65625 180000 63639.609375 63639.609375 324499.625 402492.25 547448.625 744882.5625 636396.125 586728.1875 603738.375
180000 90000 90000 318198.0625 463303.34375 407492.34375 524785.6875 711512.5 547448.625 318198.0625 190918.828125 190918.828125 142302.5 229455.875 497041.25 324499.625 318198.0625 371079.5 381837.65625 229455.875 127279.21875 229455.875 90000 63639.609375 63639.609375 90000 201246.125 201246.125 318198.0625 342709.78125 270000 229455.875 371079.5 360000 190918.828125 229455.875 387104.625 509116.875 463303.34375 497041.25 540000 547448.625 603738.375 426907.46875 262392.84375 540000 284605 229455.875 284605 402492.25 484664.84375 524785.6875 458911.75 450000 458911.75 576281.1875 648999.25 711512.5 685419.5625 458911.75 513078.9375 547448.625
142302.5 201246.125 262392.84375 569210 426907.46875 201246.125 229455.875 463303.34375 229455.875 318198.0625 407492.34375 676498.3125 856183.375 884109.75 744882.5625 513078.9375 450000 360000 387104.625 463303.34375 360000 524785.6875 381837.65625 229455.875 142302.5 142302.5 142302.5 463303.34375 603738.375 407492.34375 318198.0625 524785.6875 381837.65625 142302.5 142302.5 262392.84375 381837.65625 387104.625 387104.625 371079.5 450000 458911.75 524785.6875 524785.6875 407492.34375 402492.25 284605 201246.125 90000 90000 254558.4375 318198.0625 360000 497041.25 497041.25 513078.9375 576281.1875 387104.625 201246.125 190918.828125 324499.625 360000
318198.0625 371079.5 524785.6875 827314.9375 458911.75 254558.4375 450000 685419.5625 342709.78125 254558.4375 324499.625 513078.9375 725603.1875 636396.125 458911.75 371079.5 540000 371079.5 513078.9375 702922.5 547448.625 586728.1875 685419.5625 371079.5 318198.0625 402492.25 463303.34375 576281.1875 402492.25 262392.84375 636396.125 513078.9375 63639.609375 284605 407492.34375 484664.84375 402492.25 190918.828125 284605 262392.84375 63639.609375 90000 270000 201246.125 284605 284605 0 229455.875 262392.84375 142302.5 201246.125 201246.125 63639.609375 142302.5 142302.5 201246.125 407492.34375 270000 90000 127279.21875 142302.5 180000
