WATER BALANCE/maps/slope_converted.asc
ncols        582
nrows        690
xllcorner    28.442361111000
yllcorner    -22.588750000062
cellsize     0.000277777778
NODATA_value  -9999
[rows 504 to 531 of 690, columns 372 to 433 of 582]
664417.0625 676498.3125 711512.5 664417.0625 700035.6875 586728.1875 201246.125 63639.609375 387104.625 576281.1875 547448.625 540000 513078.9375 450000 387104.625 463303.34375 450000 254558.4375 229455.875 284605 324499.625 342709.78125 180000 284605 484664.84375 450000 324499.625 318198.0625 180000 63639.609375 142302.5 262392.84375 318198.0625 318198.0625 324499.625 402492.25 458911.75 426907.46875 318198.0625 318198.0625 324499.625 324499.625 543737.0625 655209.875 569210 513078.9375 402492.25 402492.25 445477.28125 229455.875 142302.5 201246.125 458911.75 318198.0625 0 142302.5 201246.125 90000 201246.125 324499.625 324499.625 180000
324499.625 513078.9375 711512.5 768960.3125 725603.1875 463303.34375 229455.875 190918.828125 497041.25 547448.625 387104.625 497041.25 450000 284605 387104.625 445477.28125 284605 142302.5 324499.625 576281.1875 524785.6875 284605 180000 142302.5 402492.25 648999.25 639570.1875 463303.34375 254558.4375 201246.125 180000 324499.625 387104.625 402492.25 547448.625 636396.125 540000 407492.34375 324499.625 371079.5 229455.875 180000 360000 463303.34375 445477.28125 450000 324499.625 229455.875 318198.0625 127279.21875 90000 201246.125 458911.75 371079.5 90000 201246.125 142302.5 0 0 142302.5 342709.78125 324499.625
142302.5 324499.625 450000 513078.9375 402492.25 229455.875 180000 262392.84375 603738.375 711512.5 426907.46875 180000 127279.21875 63639.609375 318198.0625 371079.5 63639.609375 63639.609375 484664.84375 603738.375 254558.4375 318198.0625 229455.875 262392.84375 458911.75 664417.0625 893224.5 711512.5 318198.0625 142302.5 90000 254558.4375 402492.25 497041.25 497041.25 426907.46875 371079.5 360000 445477.28125 543737.0625 254558.4375 262392.84375 229455.875 371079.5 318198.0625 342709.78125 458911.75 318198.0625 180000 142302.5 142302.5 229455.875 407492.34375 407492.34375 229455.875 90000 127279.21875 63639.609375 0 63639.609375 254558.4375 402492.25
90000 284605 513078.9375 342709.78125 63639.609375 0 0 90000 540000 676498.3125 426907.46875 324499.625 142302.5 63639.609375 229455.875 324499.625 284605 262392.84375 569210 569210 229455.875 387104.625 63639.609375 342709.78125 254558.4375 318198.0625 744882.5625 827314.9375 402492.25 90000 201246.125 360000 497041.25 458911.75 324499.625 262392.84375 318198.0625 360000 513078.9375 700035.6875 569210 458911.75 254558.4375 450000 229455.875 262392.84375 524785.6875 513078.9375 497041.25 497041.25 402492.25 387104.625 426907.46875 497041.25 201246.125 342709.78125 458911.75 387104.625 142302.5 142302.5 229455.875 360000
270000 254558.4375 497041.25 270000 0 63639.609375 142302.5 201246.125 513078.9375 586728.1875 318198.0625 254558.4375 229455.875 142302.5 142302.5 142302.5 318198.0625 402492.25 639570.1875 700035.6875 458911.75 262392.84375 127279.21875 342709.78125 262392.84375 324499.625 458911.75 685419.5625 636396.125 407492.34375 463303.34375 513078.9375 458911.75 387104.625 262392.84375 270000 360000 360000 463303.34375 648999.25 688367.625 676498.3125 711512.5 702922.5 543737.0625 463303.34375 513078.9375 569210 630000 569210 513078.9375 509116.875 586728.1875 603738.375 318198.0625 513078.9375 497041.25 639570.1875 458911.75 254558.4375 318198.0625 371079.5
497041.25 284605 318198.0625 342709.78125 63639.609375 142302.5 127279.21875 0 402492.25 586728.1875 450000 371079.5 342709.78125 381837.65625 284605 284605 318198.0625 402492.25 576281.1875 572756.5 484664.84375 371079.5 284605 402492.25 497041.25 513078.9375 284605 284605 513078.9375 342709.78125 318198.0625 190918.828125 229455.875 407492.34375 229455.875 484664.84375 497041.25 371079.5 318198.0625 318198.0625 360000 540000 804984.5 926606.6875 827314.9375 744882.5625 664417.0625 513078.9375 371079.5 387104.625 402492.25 387104.625 586728.1875 648999.25 284605 284605 63639.609375 569210 685419.5625 402492.25 142302.5 90000
407492.34375 524785.6875 318198.0625 229455.875 127279.21875 63639.609375 270000 371079.5 463303.34375 648999.25 685419.5625 569210 484664.84375 569210 636396.125 497041.25 270000 254558.4375 484664.84375 387104.625 342709.78125 402492.25 371079.5 450000 540000 450000 371079.5 318198.0625 324499.625 201246.125 190918.828125 201246.125 201246.125 254558.4375 484664.84375 603738.375 484664.84375 387104.625 318198.0625 180000 142302.5 190918.828125 318198.0625 509116.875 603738.375 725603.1875 702922.5 450000 324499.625 450000 371079.5 180000 387104.625 648999.25 402492.25 127279.21875 190918.828125 284605 639570.1875 702922.5 543737.0625 402492.25
426907.46875 725603.1875 865592.3125 600374.875 318198.0625 463303.34375 600374.875 497041.25 381837.65625 318198.0625 387104.625 445477.28125 324499.625 318198.0625 371079.5 381837.65625 201246.125 142302.5 387104.625 463303.34375 402492.25 324499.625 318198.0625 426907.46875 450000 426907.46875 407492.34375 450000 371079.5 324499.625 318198.0625 342709.78125 180000 142302.5 387104.625 190918.828125 371079.5 484664.84375 342709.78125 90000 201246.125 142302.5 180000 229455.875 201246.125 450000 626777.5 402492.25 426907.46875 586728.1875 360000 90000 127279.21875 524785.6875 639570.1875 450000 426907.46875 342709.78125 450000 524785.6875 387104.625 324499.625
513078.9375 569210 688367.625 804984.5 720000 804984.5 688367.625 586728.1875 524785.6875 262392.84375 229455.875 407492.34375 262392.84375 180000 201246.125 342709.78125 180000 180000 371079.5 484664.84375 524785.6875 484664.84375 407492.34375 342709.78125 270000 371079.5 450000 407492.34375 318198.0625 262392.84375 229455.875 371079.5 458911.75 524785.6875 586728.1875 586728.1875 648999.25 445477.28125 262392.84375 90000 201246.125 63639.609375 142302.5 201246.125 90000 426907.46875 600374.875 318198.0625 371079.5 603738.375 513078.9375 254558.4375 90000 324499.625 685419.5625 810000 676498.3125 509116.875 497041.25 569210 450000 254558.4375
445477.28125 254558.4375 142302.5 387104.625 450000 576281.1875 513078.9375 700035.6875 725603.1875 402492.25 318198.0625 450000 318198.0625 142302.5 142302.5 180000 180000 402492.25 450000 513078.9375 655209.875 711512.5 569210 318198.0625 142302.5 201246.125 318198.0625 371079.5 342709.78125 229455.875 324499.625 513078.9375 720000 917823.5 1094897.25 1080000 766322.375 407492.34375 262392.84375 254558.4375 254558.4375 142302.5 0 201246.125 270000 513078.9375 569210 201246.125 201246.125 576281.1875 702922.5 586728.1875 407492.34375 407492.34375 497041.25 497041.25 445477.28125 600374.875 636396.125 636396.125 371079.5 142302.5
254558.4375 127279.21875 142302.5 229455.875 318198.0625 509116.875 402492.25 648999.25 827314.9375 569210 407492.34375 371079.5 402492.25 201246.125 63639.609375 180000 284605 381837.65625 426907.46875 676498.3125 776820.4375 725603.1875 586728.1875 450000 262392.84375 190918.828125 190918.828125 270000 426907.46875 450000 586728.1875 725603.1875 776820.4375 856183.375 990000 1083743.5 1026157.875 829759 630000 569210 543737.0625 426907.46875 342709.78125 262392.84375 402492.25 513078.9375 450000 180000 342709.78125 484664.84375 725603.1875 787178.5 569210 407492.34375 318198.0625 254558.4375 458911.75 543737.0625 700035.6875 900000 911180.5625 856183.375
229455.875 262392.84375 402492.25 450000 458911.75 513078.9375 180000 540000 725603.1875 688367.625 458911.75 262392.84375 402492.25 324499.625 262392.84375 342709.78125 318198.0625 381837.65625 572756.5 626777.5 626777.5 700035.6875 572756.5 509116.875 402492.25 318198.0625 324499.625 402492.25 540000 630000 664417.0625 702922.5 569210 586728.1875 742159 814984.6875 865592.25 744882.5625 600374.875 569210 586728.1875 484664.84375 513078.9375 547448.625 586728.1875 445477.28125 229455.875 190918.828125 254558.4375 270000 463303.34375 639570.1875 450000 360000 324499.625 371079.5 371079.5 381837.65625 524785.6875 768960.3125 1043767.1875 1133071
407492.34375 543737.0625 603738.375 497041.25 318198.0625 142302.5 262392.84375 513078.9375 586728.1875 720000 407492.34375 190918.828125 381837.65625 513078.9375 711512.5 688367.625 630000 685419.5625 639570.1875 324499.625 324499.625 639570.1875 639570.1875 509116.875 426907.46875 497041.25 513078.9375 524785.6875 458911.75 407492.34375 387104.625 463303.34375 318198.0625 463303.34375 664417.0625 569210 639570.1875 509116.875 387104.625 324499.625 445477.28125 402492.25 450000 655209.875 711512.5 497041.25 229455.875 201246.125 190918.828125 190918.828125 90000 463303.34375 463303.34375 371079.5 402492.25 458911.75 254558.4375 324499.625 324499.625 407492.34375 636396.125 742159
426907.46875 586728.1875 543737.0625 426907.46875 381837.65625 142302.5 284605 407492.34375 540000 636396.125 381837.65625 371079.5 426907.46875 547448.625 685419.5625 586728.1875 636396.125 768960.3125 547448.625 270000 201246.125 484664.84375 543737.0625 450000 540000 688367.625 630000 426907.46875 284605 318198.0625 402492.25 509116.875 576281.1875 774209.25 685419.5625 576281.1875 639570.1875 586728.1875 603738.375 569210 603738.375 543737.0625 458911.75 586728.1875 569210 513078.9375 450000 324499.625 318198.0625 402492.25 262392.84375 142302.5 458911.75 524785.6875 586728.1875 509116.875 497041.25 569210 543737.0625 371079.5 262392.84375 262392.84375
342709.78125 387104.625 254558.4375 262392.84375 445477.28125 445477.28125 387104.625 426907.46875 547448.625 450000 586728.1875 655209.875 484664.84375 342709.78125 254558.4375 142302.5 445477.28125 586728.1875 484664.84375 318198.0625 142302.5 371079.5 450000 458911.75 655209.875 688367.625 600374.875 458911.75 371079.5 569210 797402 827314.9375 911180.5625 973498.8125 725603.1875 766322.375 702922.5 603738.375 626777.5 655209.875 648999.25 513078.9375 371079.5 509116.875 402492.25 387104.625 463303.34375 254558.4375 180000 254558.4375 324499.625 262392.84375 90000 324499.625 572756.5 655209.875 676498.3125 603738.375 513078.9375 318198.0625 180000 142302.5
201246.125 262392.84375 142302.5 90000 324499.625 513078.9375 463303.34375 513078.9375 513078.9375 318198.0625 513078.9375 603738.375 586728.1875 407492.34375 371079.5 426907.46875 636396.125 387104.625 371079.5 407492.34375 142302.5 229455.875 600374.875 720000 711512.5 586728.1875 569210 543737.0625 458911.75 702922.5 744882.5625 711512.5 702922.5 639570.1875 407492.34375 700035.6875 700035.6875 513078.9375 387104.625 318198.0625 484664.84375 381837.65625 426907.46875 450000 262392.84375 342709.78125 497041.25 180000 0 180000 229455.875 254558.4375 342709.78125 229455.875 127279.21875 318198.0625 342709.78125 484664.84375 342709.78125 318198.0625 458911.75 450000
142302.5 201246.125 127279.21875 190918.828125 201246.125 484664.84375 513078.9375 547448.625 402492.25 342709.78125 402492.25 463303.34375 586728.1875 540000 547448.625 569210 576281.1875 229455.875 458911.75 426907.46875 229455.875 513078.9375 688367.625 766322.375 636396.125 540000 569210 603738.375 497041.25 576281.1875 513078.9375 463303.34375 450000 402492.25 63639.609375 407492.34375 513078.9375 402492.25 342709.78125 284605 387104.625 497041.25 655209.875 497041.25 229455.875 371079.5 484664.84375 324499.625 229455.875 262392.84375 229455.875 63639.609375 142302.5 201246.125 201246.125 180000 254558.4375 458911.75 190918.828125 450000 540000 630000
262392.84375 318198.0625 342709.78125 342709.78125 262392.84375 463303.34375 586728.1875 639570.1875 543737.0625 569210 513078.9375 484664.84375 543737.0625 497041.25 407492.34375 342709.78125 318198.0625 284605 576281.1875 648999.25 497041.25 572756.5 450000 371079.5 360000 360000 402492.25 463303.34375 407492.34375 318198.0625 407492.34375 371079.5 318198.0625 254558.4375 63639.609375 284605 463303.34375 463303.34375 402492.25 324499.625 540000 776820.4375 776820.4375 655209.875 513078.9375 445477.28125 543737.0625 655209.875 543737.0625 463303.34375 284605 142302.5 180000 229455.875 318198.0625 318198.0625 262392.84375 284605 63639.609375 318198.0625 142302.5 63639.609375
387104.625 509116.875 543737.0625 497041.25 450000 450000 509116.875 648999.25 688367.625 688367.625 540000 484664.84375 513078.9375 547448.625 540000 547448.625 569210 586728.1875 711512.5 804984.5 655209.875 402492.25 201246.125 63639.609375 142302.5 180000 284605 229455.875 0 190918.828125 342709.78125 458911.75 342709.78125 201246.125 270000 497041.25 725603.1875 763675.3125 576281.1875 540000 768960.3125 829759 720000 664417.0625 711512.5 742159 856183.375 853814.9375 763675.3125 685419.5625 318198.0625 463303.34375 636396.125 720000 636396.125 484664.84375 318198.0625 262392.84375 229455.875 402492.25 513078.9375 600374.875
387104.625 543737.0625 445477.28125 318198.0625 463303.34375 402492.25 324499.625 324499.625 450000 497041.25 426907.46875 402492.25 407492.34375 540000 676498.3125 725603.1875 688367.625 586728.1875 600374.875 744882.5625 744882.5625 547448.625 360000 229455.875 201246.125 142302.5 497041.25 450000 324499.625 318198.0625 402492.25 524785.6875 450000 342709.78125 371079.5 371079.5 513078.9375 766322.375 648999.25 547448.625 648999.25 569210 484664.84375 513078.9375 450000 497041.25 540000 639570.1875 865592.25 787178.5 513078.9375 711512.5 768960.3125 810000 797402 768960.3125 636396.125 450000 360000 407492.34375 497041.25 569210
262392.84375 497041.25 360000 90000 371079.5 387104.625 402492.25 142302.5 142302.5 142302.5 284605 458911.75 540000 497041.25 407492.34375 318198.0625 229455.875 180000 229455.875 402492.25 603738.375 688367.625 688367.625 600374.875 450000 324499.625 655209.875 463303.34375 381837.65625 463303.34375 543737.0625 586728.1875 509116.875 402492.25 270000 90000 201246.125 509116.875 664417.0625 540000 450000 324499.625 381837.65625 569210 229455.875 0 63639.609375 458911.75 676498.3125 576281.1875 586728.1875 586728.1875 381837.65625 229455.875 426907.46875 626777.5 626777.5 513078.9375 407492.34375 407492.34375 497041.25 513078.9375
262392.84375 426907.46875 371079.5 142302.5 318198.0625 387104.625 586728.1875 324499.625 201246.125 254558.4375 426907.46875 586728.1875 547448.625 342709.78125 127279.21875 0 0 0 0 90000 318198.0625 497041.25 569210 569210 513078.9375 509116.875 639570.1875 711512.5 688367.625 463303.34375 543737.0625 569210 402492.25 318198.0625 284605 262392.84375 229455.875 371079.5 600374.875 725603.1875 540000 284605 318198.0625 685419.5625 402492.25 63639.609375 201246.125 543737.0625 426907.46875 201246.125 407492.34375 371079.5 201246.125 190918.828125 284605 426907.46875 543737.0625 543737.0625 426907.46875 426907.46875 513078.9375 450000
450000 509116.875 509116.875 407492.34375 484664.84375 484664.84375 700035.6875 648999.25 569210 603738.375 543737.0625 360000 324499.625 318198.0625 180000 63639.609375 142302.5 229455.875 371079.5 513078.9375 497041.25 371079.5 318198.0625 254558.4375 254558.4375 463303.34375 463303.34375 586728.1875 547448.625 318198.0625 318198.0625 547448.625 450000 342709.78125 270000 458911.75 540000 540000 586728.1875 636396.125 603738.375 342709.78125 262392.84375 600374.875 513078.9375 180000 402492.25 543737.0625 142302.5 254558.4375 402492.25 450000 450000 484664.84375 371079.5 318198.0625 458911.75 626777.5 655209.875 600374.875 513078.9375 402492.25
484664.84375 463303.34375 450000 284605 324499.625 324499.625 513078.9375 685419.5625 688367.625 569210 318198.0625 201246.125 318198.0625 371079.5 229455.875 201246.125 387104.625 513078.9375 569210 513078.9375 371079.5 324499.625 284605 201246.125 371079.5 586728.1875 484664.84375 318198.0625 324499.625 318198.0625 190918.828125 547448.625 600374.875 402492.25 324499.625 458911.75 540000 540000 450000 324499.625 387104.625 387104.625 407492.34375 547448.625 497041.25 318198.0625 458911.75 360000 262392.84375 513078.9375 463303.34375 360000 360000 342709.78125 229455.875 229455.875 371079.5 513078.9375 569210 497041.25 360000 381837.65625
458911.75 513078.9375 342709.78125 0 262392.84375 254558.4375 63639.609375 229455.875 371079.5 318198.0625 262392.84375 324499.625 318198.0625 445477.28125 445477.28125 381837.65625 513078.9375 342709.78125 142302.5 90000 190918.828125 270000 254558.4375 371079.5 547448.625 664417.0625 572756.5 254558.4375 229455.875 229455.875 254558.4375 603738.375 569210 371079.5 342709.78125 318198.0625 318198.0625 318198.0625 262392.84375 324499.625 324499.625 426907.46875 630000 547448.625 407492.34375 284605 450000 688367.625 853814.9375 768960.3125 547448.625 450000 407492.34375 229455.875 127279.21875 190918.828125 318198.0625 318198.0625 402492.25 318198.0625 284605 426907.46875
586728.1875 524785.6875 142302.5 190918.828125 324499.625 254558.4375 190918.828125 229455.875 262392.84375 229455.875 262392.84375 402492.25 463303.34375 450000 524785.6875 543737.0625 509116.875 180000 127279.21875 127279.21875 127279.21875 201246.125 318198.0625 342709.78125 262392.84375 387104.625 586728.1875 445477.28125 387104.625 254558.4375 387104.625 603738.375 463303.34375 402492.25 402492.25 387104.625 342709.78125 342709.78125 324499.625 387104.625 445477.28125 543737.0625 776820.4375 630000 318198.0625 180000 547448.625 814984.6875 829759 636396.125 586728.1875 676498.3125 688367.625 586728.1875 324499.625 254558.4375 387104.625 371079.5 513078.9375 513078.9375 497041.25 742159
636396.125 318198.0625 90000 262392.84375 201246.125 127279.21875 254558.4375 463303.34375 201246.125 180000 0 180000 381837.65625 387104.625 262392.84375 387104.625 450000 407492.34375 540000 600374.875 484664.84375 360000 318198.0625 180000 63639.609375 229455.875 387104.625 524785.6875 648999.25 569210 586728.1875 576281.1875 387104.625 463303.34375 513078.9375 509116.875 402492.25 426907.46875 484664.84375 463303.34375 509116.875 639570.1875 911180.5625 926606.6875 450000 524785.6875 664417.0625 655209.875 540000 407492.34375 426907.46875 513078.9375 600374.875 774209.25 664417.0625 513078.9375 450000 324499.625 318198.0625 426907.46875 547448.625 849058.3125
318198.0625 63639.609375 142302.5 262392.84375 229455.875 318198.0625 402492.25 450000 127279.21875 270000 90000 63639.609375 229455.875 318198.0625 142302.5 318198.0625 402492.25 426907.46875 600374.875 603738.375 513078.9375 360000 342709.78125 262392.84375 180000 254558.4375 262392.84375 371079.5 603738.375 688367.625 655209.875 463303.34375 318198.0625 484664.84375 484664.84375 402492.25 318198.0625 360000 463303.34375 450000 387104.625 513078.9375 890954.5625 1147279.375 853814.9375 768960.3125 603738.375 426907.46875 342709.78125 262392.84375 190918.828125 201246.125 180000 509116.875 603738.375 688367.625 636396.125 407492.34375 229455.875 270000 586728.1875 893224.5
