WATER BALANCE/maps/slope_converted.asc
ncols        582
nrows        690
xllcorner    28.442361111000
yllcorner    -22.588750000062
cellsize     0.000277777778
NODATA_value  -9999
[rows 532 to 559 of 690, columns 248 to 309 of 582]
127279.21875 127279.21875 254558.4375 702922.5 837048.375 639570.1875 445477.28125 229455.875 402492.25 543737.0625 445477.28125 360000 407492.34375 543737.0625 543737.0625 407492.34375 450000 648999.25 639570.1875 543737.0625 513078.9375 513078.9375 445477.28125 262392.84375 342709.78125 360000 497041.25 711512.5 725603.1875 90000 387104.625 445477.28125 190918.828125 63639.609375 63639.609375 284605 484664.84375 127279.21875 450000 676498.3125 342709.78125 180000 284605 407492.34375 509116.875 229455.875 254558.4375 262392.84375 513078.9375 509116.875 524785.6875 702922.5 509116.875 142302.5 262392.84375 254558.4375 190918.828125 407492.34375 450000 63639.609375 262392.84375 201246.125
284605 142302.5 63639.609375 407492.34375 655209.875 586728.1875 513078.9375 450000 450000 543737.0625 463303.34375 318198.0625 371079.5 324499.625 127279.21875 63639.609375 284605 547448.625 426907.46875 254558.4375 262392.84375 371079.5 407492.34375 458911.75 484664.84375 262392.84375 270000 284605 484664.84375 342709.78125 142302.5 450000 513078.9375 318198.0625 63639.609375 318198.0625 387104.625 458911.75 639570.1875 787178.5 509116.875 407492.34375 543737.0625 586728.1875 787178.5 688367.625 547448.625 371079.5 402492.25 426907.46875 524785.6875 450000 127279.21875 0 142302.5 201246.125 229455.875 407492.34375 426907.46875 190918.828125 90000 142302.5
387104.625 180000 0 426907.46875 458911.75 342709.78125 426907.46875 540000 407492.34375 402492.25 458911.75 190918.828125 90000 90000 180000 180000 324499.625 513078.9375 371079.5 201246.125 180000 371079.5 540000 600374.875 426907.46875 142302.5 0 63639.609375 342709.78125 484664.84375 201246.125 180000 543737.0625 711512.5 463303.34375 63639.609375 360000 626777.5 725603.1875 827314.9375 648999.25 547448.625 484664.84375 318198.0625 463303.34375 569210 458911.75 360000 387104.625 524785.6875 543737.0625 201246.125 0 0 63639.609375 190918.828125 318198.0625 450000 484664.84375 229455.875 0 0
229455.875 142302.5 190918.828125 484664.84375 342709.78125 63639.609375 284605 360000 371079.5 387104.625 463303.34375 254558.4375 201246.125 262392.84375 318198.0625 360000 324499.625 371079.5 318198.0625 201246.125 142302.5 360000 676498.3125 688367.625 342709.78125 63639.609375 0 0 201246.125 445477.28125 524785.6875 450000 127279.21875 387104.625 513078.9375 371079.5 324499.625 318198.0625 463303.34375 603738.375 387104.625 142302.5 63639.609375 0 63639.609375 201246.125 201246.125 262392.84375 463303.34375 445477.28125 371079.5 90000 0 63639.609375 90000 0 201246.125 445477.28125 685419.5625 407492.34375 142302.5 180000
463303.34375 426907.46875 284605 318198.0625 262392.84375 201246.125 254558.4375 180000 201246.125 445477.28125 702922.5 600374.875 586728.1875 603738.375 284605 318198.0625 318198.0625 254558.4375 229455.875 229455.875 324499.625 450000 655209.875 630000 262392.84375 142302.5 63639.609375 0 63639.609375 201246.125 402492.25 586728.1875 603738.375 407492.34375 284605 513078.9375 402492.25 262392.84375 540000 547448.625 180000 90000 63639.609375 0 0 180000 180000 270000 318198.0625 63639.609375 342709.78125 387104.625 127279.21875 201246.125 180000 201246.125 0 270000 720000 636396.125 324499.625 360000
324499.625 142302.5 63639.609375 142302.5 190918.828125 201246.125 381837.65625 458911.75 547448.625 702922.5 700035.6875 407492.34375 524785.6875 900000 725603.1875 270000 284605 318198.0625 201246.125 229455.875 458911.75 463303.34375 371079.5 450000 463303.34375 324499.625 201246.125 142302.5 63639.609375 63639.609375 190918.828125 201246.125 190918.828125 262392.84375 90000 450000 360000 229455.875 636396.125 547448.625 142302.5 142302.5 142302.5 0 0 229455.875 262392.84375 324499.625 426907.46875 127279.21875 201246.125 484664.84375 270000 360000 201246.125 381837.65625 229455.875 324499.625 688367.625 676498.3125 270000 0
463303.34375 371079.5 142302.5 142302.5 0 318198.0625 636396.125 626777.5 676498.3125 603738.375 324499.625 0 142302.5 626777.5 886397.1875 626777.5 318198.0625 229455.875 190918.828125 127279.21875 600374.875 497041.25 127279.21875 284605 450000 586728.1875 342709.78125 201246.125 201246.125 262392.84375 387104.625 270000 127279.21875 142302.5 180000 586728.1875 509116.875 284605 497041.25 513078.9375 142302.5 142302.5 180000 63639.609375 142302.5 324499.625 324499.625 342709.78125 586728.1875 318198.0625 484664.84375 576281.1875 387104.625 513078.9375 371079.5 458911.75 636396.125 458911.75 458911.75 569210 402492.25 497041.25
626777.5 543737.0625 450000 318198.0625 262392.84375 576281.1875 639570.1875 324499.625 142302.5 63639.609375 270000 318198.0625 284605 524785.6875 688367.625 600374.875 543737.0625 201246.125 270000 0 547448.625 543737.0625 229455.875 142302.5 540000 676498.3125 262392.84375 284605 180000 229455.875 270000 90000 229455.875 180000 284605 484664.84375 426907.46875 284605 381837.65625 371079.5 90000 180000 142302.5 190918.828125 201246.125 201246.125 201246.125 402492.25 853814.9375 586728.1875 688367.625 685419.5625 484664.84375 664417.0625 725603.1875 445477.28125 586728.1875 524785.6875 63639.609375 450000 371079.5 371079.5
572756.5 387104.625 387104.625 381837.65625 324499.625 603738.375 402492.25 63639.609375 324499.625 402492.25 318198.0625 284605 402492.25 700035.6875 509116.875 229455.875 576281.1875 513078.9375 324499.625 142302.5 497041.25 407492.34375 127279.21875 180000 636396.125 458911.75 407492.34375 547448.625 513078.9375 509116.875 387104.625 262392.84375 445477.28125 371079.5 270000 229455.875 426907.46875 262392.84375 229455.875 270000 142302.5 201246.125 0 201246.125 0 142302.5 229455.875 576281.1875 946070.8125 513078.9375 360000 484664.84375 407492.34375 711512.5 1028129.375 711512.5 63639.609375 450000 229455.875 254558.4375 284605 142302.5
636396.125 458911.75 262392.84375 180000 324499.625 543737.0625 201246.125 284605 387104.625 142302.5 127279.21875 63639.609375 524785.6875 639570.1875 229455.875 90000 324499.625 445477.28125 270000 229455.875 600374.875 342709.78125 63639.609375 270000 547448.625 324499.625 342709.78125 229455.875 254558.4375 513078.9375 407492.34375 284605 463303.34375 229455.875 190918.828125 0 324499.625 600374.875 744882.5625 639570.1875 407492.34375 262392.84375 201246.125 180000 142302.5 142302.5 229455.875 725603.1875 865592.25 381837.65625 201246.125 190918.828125 90000 463303.34375 1006230.5625 987952.4375 426907.46875 513078.9375 254558.4375 127279.21875 127279.21875 270000
586728.1875 513078.9375 262392.84375 142302.5 463303.34375 402492.25 63639.609375 318198.0625 371079.5 127279.21875 142302.5 402492.25 787178.5 445477.28125 201246.125 142302.5 262392.84375 324499.625 324499.625 509116.875 543737.0625 229455.875 0 229455.875 426907.46875 190918.828125 63639.609375 63639.609375 201246.125 450000 458911.75 318198.0625 450000 0 142302.5 142302.5 190918.828125 426907.46875 648999.25 996117.4375 766322.375 201246.125 318198.0625 371079.5 543737.0625 547448.625 497041.25 725603.1875 711512.5 254558.4375 142302.5 0 90000 180000 776820.4375 884109.75 342709.78125 509116.875 318198.0625 254558.4375 142302.5 318198.0625
229455.875 509116.875 513078.9375 318198.0625 402492.25 229455.875 0 229455.875 342709.78125 90000 142302.5 664417.0625 685419.5625 63639.609375 284605 0 402492.25 509116.875 463303.34375 254558.4375 284605 262392.84375 90000 262392.84375 402492.25 254558.4375 142302.5 63639.609375 142302.5 318198.0625 572756.5 284605 318198.0625 180000 142302.5 63639.609375 318198.0625 387104.625 463303.34375 1200749.75 884109.75 262392.84375 371079.5 547448.625 744882.5625 676498.3125 547448.625 513078.9375 600374.875 262392.84375 142302.5 142302.5 0 90000 685419.5625 865592.25 458911.75 513078.9375 360000 450000 402492.25 445477.28125
63639.609375 254558.4375 445477.28125 342709.78125 254558.4375 142302.5 0 180000 229455.875 127279.21875 229455.875 547448.625 509116.875 600374.875 513078.9375 324499.625 547448.625 426907.46875 90000 142302.5 262392.84375 318198.0625 180000 270000 360000 180000 90000 63639.609375 142302.5 229455.875 445477.28125 324499.625 127279.21875 63639.609375 63639.609375 324499.625 458911.75 664417.0625 837048.375 1188886 685419.5625 142302.5 0 180000 407492.34375 201246.125 324499.625 254558.4375 497041.25 318198.0625 142302.5 254558.4375 180000 262392.84375 576281.1875 837048.375 484664.84375 324499.625 229455.875 402492.25 484664.84375 576281.1875
63639.609375 63639.609375 254558.4375 342709.78125 371079.5 318198.0625 201246.125 229455.875 229455.875 63639.609375 190918.828125 513078.9375 600374.875 547448.625 371079.5 569210 676498.3125 284605 229455.875 180000 284605 342709.78125 262392.84375 402492.25 586728.1875 543737.0625 318198.0625 63639.609375 90000 90000 262392.84375 484664.84375 497041.25 426907.46875 484664.84375 766322.375 630000 711512.5 774209.25 804984.5 270000 270000 360000 402492.25 586728.1875 342709.78125 127279.21875 90000 324499.625 513078.9375 201246.125 190918.828125 229455.875 262392.84375 402492.25 603738.375 445477.28125 229455.875 324499.625 407492.34375 463303.34375 636396.125
180000 180000 229455.875 318198.0625 371079.5 318198.0625 342709.78125 371079.5 387104.625 318198.0625 284605 63639.609375 142302.5 127279.21875 190918.828125 540000 688367.625 254558.4375 142302.5 142302.5 201246.125 324499.625 371079.5 371079.5 450000 450000 402492.25 387104.625 201246.125 201246.125 201246.125 318198.0625 371079.5 426907.46875 463303.34375 586728.1875 371079.5 513078.9375 402492.25 360000 190918.828125 63639.609375 63639.609375 201246.125 586728.1875 603738.375 180000 190918.828125 63639.609375 547448.625 458911.75 229455.875 284605 229455.875 387104.625 524785.6875 450000 318198.0625 387104.625 229455.875 324499.625 381837.65625
229455.875 180000 180000 180000 142302.5 229455.875 543737.0625 463303.34375 402492.25 387104.625 586728.1875 688367.625 547448.625 426907.46875 318198.0625 402492.25 540000 229455.875 190918.828125 324499.625 229455.875 90000 63639.609375 142302.5 229455.875 262392.84375 497041.25 711512.5 685419.5625 360000 127279.21875 0 63639.609375 127279.21875 63639.609375 463303.34375 342709.78125 90000 142302.5 201246.125 342709.78125 63639.609375 142302.5 63639.609375 458911.75 676498.3125 360000 127279.21875 284605 664417.0625 543737.0625 180000 142302.5 90000 284605 458911.75 324499.625 284605 142302.5 201246.125 262392.84375 142302.5
142302.5 63639.609375 63639.609375 142302.5 229455.875 513078.9375 524785.6875 229455.875 342709.78125 458911.75 262392.84375 371079.5 450000 407492.34375 318198.0625 254558.4375 407492.34375 318198.0625 342709.78125 254558.4375 142302.5 142302.5 284605 342709.78125 142302.5 190918.828125 342709.78125 426907.46875 586728.1875 524785.6875 262392.84375 63639.609375 63639.609375 127279.21875 63639.609375 318198.0625 497041.25 201246.125 324499.625 142302.5 360000 142302.5 190918.828125 63639.609375 543737.0625 655209.875 270000 90000 142302.5 407492.34375 458911.75 63639.609375 0 0 270000 342709.78125 407492.34375 497041.25 402492.25 426907.46875 229455.875 0
254558.4375 229455.875 402492.25 513078.9375 547448.625 513078.9375 262392.84375 63639.609375 254558.4375 576281.1875 572756.5 262392.84375 262392.84375 318198.0625 254558.4375 63639.609375 318198.0625 324499.625 445477.28125 402492.25 371079.5 262392.84375 318198.0625 262392.84375 284605 381837.65625 342709.78125 270000 90000 381837.65625 450000 371079.5 371079.5 407492.34375 497041.25 543737.0625 639570.1875 450000 484664.84375 547448.625 371079.5 142302.5 180000 450000 639570.1875 463303.34375 142302.5 180000 63639.609375 254558.4375 543737.0625 201246.125 0 0 201246.125 318198.0625 569210 630000 664417.0625 763675.3125 586728.1875 407492.34375
284605 254558.4375 576281.1875 513078.9375 318198.0625 63639.609375 142302.5 142302.5 142302.5 318198.0625 497041.25 547448.625 324499.625 201246.125 371079.5 180000 324499.625 262392.84375 402492.25 484664.84375 360000 381837.65625 543737.0625 284605 63639.609375 262392.84375 497041.25 636396.125 513078.9375 127279.21875 484664.84375 547448.625 630000 766322.375 720000 547448.625 509116.875 318198.0625 229455.875 360000 458911.75 497041.25 655209.875 685419.5625 513078.9375 190918.828125 63639.609375 229455.875 63639.609375 127279.21875 497041.25 270000 0 0 142302.5 463303.34375 603738.375 540000 664417.0625 849058.3125 886397.1875 725603.1875
576281.1875 484664.84375 458911.75 142302.5 254558.4375 201246.125 180000 190918.828125 318198.0625 513078.9375 639570.1875 484664.84375 201246.125 387104.625 524785.6875 229455.875 342709.78125 142302.5 142302.5 262392.84375 262392.84375 318198.0625 407492.34375 324499.625 270000 201246.125 270000 180000 603738.375 547448.625 229455.875 371079.5 371079.5 371079.5 371079.5 318198.0625 190918.828125 127279.21875 142302.5 180000 229455.875 513078.9375 685419.5625 497041.25 180000 190918.828125 270000 402492.25 284605 402492.25 445477.28125 142302.5 142302.5 142302.5 450000 576281.1875 402492.25 270000 402492.25 586728.1875 648999.25 569210
664417.0625 603738.375 513078.9375 318198.0625 201246.125 63639.609375 0 142302.5 458911.75 630000 360000 284605 497041.25 586728.1875 445477.28125 201246.125 360000 229455.875 387104.625 513078.9375 426907.46875 342709.78125 190918.828125 142302.5 371079.5 513078.9375 648999.25 484664.84375 402492.25 636396.125 262392.84375 63639.609375 90000 229455.875 142302.5 90000 142302.5 90000 254558.4375 381837.65625 387104.625 450000 324499.625 201246.125 284605 371079.5 180000 513078.9375 586728.1875 387104.625 201246.125 90000 127279.21875 407492.34375 626777.5 262392.84375 63639.609375 63639.609375 63639.609375 254558.4375 445477.28125 387104.625
676498.3125 547448.625 371079.5 190918.828125 142302.5 63639.609375 0 90000 407492.34375 655209.875 387104.625 371079.5 360000 387104.625 262392.84375 324499.625 402492.25 342709.78125 458911.75 342709.78125 229455.875 284605 201246.125 190918.828125 445477.28125 540000 725603.1875 639570.1875 180000 426907.46875 387104.625 407492.34375 569210 630000 603738.375 426907.46875 201246.125 318198.0625 586728.1875 603738.375 543737.0625 402492.25 229455.875 229455.875 445477.28125 572756.5 450000 576281.1875 655209.875 371079.5 142302.5 284605 450000 636396.125 543737.0625 63639.609375 0 90000 0 63639.609375 254558.4375 387104.625
804984.5 586728.1875 324499.625 201246.125 142302.5 229455.875 318198.0625 371079.5 381837.65625 407492.34375 201246.125 0 90000 229455.875 142302.5 262392.84375 524785.6875 639570.1875 636396.125 543737.0625 497041.25 402492.25 318198.0625 190918.828125 407492.34375 201246.125 381837.65625 648999.25 381837.65625 142302.5 190918.828125 262392.84375 445477.28125 407492.34375 586728.1875 543737.0625 513078.9375 586728.1875 426907.46875 387104.625 324499.625 229455.875 180000 180000 324499.625 543737.0625 676498.3125 685419.5625 636396.125 509116.875 426907.46875 600374.875 776820.4375 711512.5 463303.34375 270000 270000 180000 90000 90000 0 342709.78125
768960.3125 402492.25 63639.609375 318198.0625 371079.5 201246.125 254558.4375 229455.875 63639.609375 262392.84375 262392.84375 142302.5 63639.609375 284605 201246.125 201246.125 324499.625 569210 458911.75 201246.125 142302.5 201246.125 342709.78125 360000 201246.125 262392.84375 0 509116.875 636396.125 284605 142302.5 201246.125 324499.625 318198.0625 387104.625 445477.28125 648999.25 569210 371079.5 426907.46875 229455.875 0 0 0 90000 63639.609375 318198.0625 463303.34375 513078.9375 509116.875 463303.34375 524785.6875 426907.46875 270000 142302.5 142302.5 142302.5 180000 201246.125 63639.609375 90000 201246.125
676498.3125 262392.84375 262392.84375 402492.25 484664.84375 576281.1875 387104.625 180000 201246.125 262392.84375 381837.65625 318198.0625 201246.125 324499.625 254558.4375 190918.828125 229455.875 630000 450000 229455.875 142302.5 142302.5 318198.0625 371079.5 284605 127279.21875 284605 284605 664417.0625 318198.0625 229455.875 342709.78125 426907.46875 547448.625 711512.5 865592.25 911180.5625 513078.9375 190918.828125 450000 270000 63639.609375 142302.5 180000 262392.84375 270000 513078.9375 371079.5 201246.125 318198.0625 284605 254558.4375 318198.0625 318198.0625 201246.125 127279.21875 254558.4375 318198.0625 0 262392.84375 229455.875 229455.875
524785.6875 484664.84375 371079.5 254558.4375 201246.125 513078.9375 426907.46875 90000 142302.5 142302.5 180000 284605 63639.609375 318198.0625 201246.125 127279.21875 254558.4375 639570.1875 702922.5 603738.375 547448.625 407492.34375 180000 127279.21875 190918.828125 229455.875 450000 270000 664417.0625 450000 484664.84375 586728.1875 569210 426907.46875 513078.9375 572756.5 387104.625 142302.5 229455.875 342709.78125 190918.828125 342709.78125 371079.5 360000 342709.78125 201246.125 676498.3125 407492.34375 180000 402492.25 543737.0625 547448.625 458911.75 254558.4375 229455.875 63639.609375 270000 142302.5 262392.84375 318198.0625 318198.0625 318198.0625
142302.5 262392.84375 201246.125 63639.609375 180000 371079.5 484664.84375 407492.34375 426907.46875 458911.75 229455.875 180000 90000 270000 229455.875 201246.125 229455.875 463303.34375 744882.5625 917823.5 954594.125 768960.3125 484664.84375 371079.5 407492.34375 407492.34375 318198.0625 142302.5 513078.9375 569210 685419.5625 586728.1875 576281.1875 270000 463303.34375 324499.625 63639.609375 142302.5 127279.21875 201246.125 318198.0625 342709.78125 180000 63639.609375 90000 381837.65625 626777.5 229455.875 262392.84375 360000 484664.84375 387104.625 318198.0625 426907.46875 262392.84375 90000 262392.84375 201246.125 324499.625 387104.625 402492.25 458911.75
142302.5 0 201246.125 63639.609375 180000 229455.875 402492.25 742159 407492.34375 262392.84375 318198.0625 270000 284605 63639.609375 318198.0625 426907.46875 318198.0625 371079.5 458911.75 586728.1875 603738.375 648999.25 387104.625 450000 540000 458911.75 201246.125 90000 190918.828125 284605 318198.0625 201246.125 513078.9375 142302.5 497041.25 262392.84375 190918.828125 0 142302.5 180000 142302.5 63639.609375 142302.5 254558.4375 402492.25 513078.9375 324499.625 90000 254558.4375 142302.5 201246.125 407492.34375 450000 371079.5 262392.84375 63639.609375 127279.21875 318198.0625 586728.1875 648999.25 603738.375 586728.1875
