WATER BALANCE/maps/slope_converted.asc
ncols        582
nrows        690
xllcorner    28.442361111000
yllcorner    -22.588750000062
cellsize     0.000277777778
NODATA_value  -9999
[rows 560 to 587 of 690, columns 248 to 309 of 582]
142302.5 142302.5 190918.828125 190918.828125 229455.875 229455.875 229455.875 655209.875 636396.125 484664.84375 513078.9375 342709.78125 387104.625 254558.4375 318198.0625 636396.125 324499.625 342709.78125 229455.875 142302.5 407492.34375 586728.1875 201246.125 342709.78125 318198.0625 324499.625 381837.65625 142302.5 63639.609375 127279.21875 201246.125 63639.609375 497041.25 190918.828125 513078.9375 342709.78125 262392.84375 262392.84375 142302.5 63639.609375 0 63639.609375 190918.828125 371079.5 371079.5 262392.84375 0 254558.4375 324499.625 201246.125 229455.875 407492.34375 458911.75 262392.84375 318198.0625 262392.84375 318198.0625 664417.0625 744882.5625 603738.375 402492.25 270000
190918.828125 142302.5 63639.609375 201246.125 318198.0625 371079.5 254558.4375 229455.875 463303.34375 497041.25 387104.625 190918.828125 254558.4375 381837.65625 318198.0625 688367.625 284605 201246.125 142302.5 142302.5 360000 450000 450000 371079.5 262392.84375 254558.4375 324499.625 262392.84375 127279.21875 142302.5 190918.828125 90000 387104.625 450000 639570.1875 513078.9375 407492.34375 484664.84375 402492.25 262392.84375 180000 201246.125 142302.5 513078.9375 586728.1875 324499.625 127279.21875 342709.78125 318198.0625 342709.78125 450000 513078.9375 600374.875 284605 190918.828125 426907.46875 664417.0625 636396.125 402492.25 142302.5 63639.609375 63639.609375
180000 63639.609375 0 142302.5 342709.78125 463303.34375 324499.625 270000 284605 201246.125 63639.609375 201246.125 142302.5 458911.75 600374.875 576281.1875 201246.125 180000 180000 142302.5 254558.4375 371079.5 407492.34375 284605 254558.4375 262392.84375 284605 254558.4375 360000 450000 318198.0625 127279.21875 142302.5 586728.1875 865592.25 688367.625 458911.75 402492.25 463303.34375 513078.9375 497041.25 509116.875 342709.78125 262392.84375 586728.1875 524785.6875 63639.609375 342709.78125 342709.78125 63639.609375 270000 450000 766322.375 543737.0625 426907.46875 445477.28125 636396.125 450000 63639.609375 254558.4375 270000 254558.4375
180000 90000 63639.609375 90000 229455.875 324499.625 547448.625 547448.625 402492.25 324499.625 270000 142302.5 497041.25 445477.28125 497041.25 284605 63639.609375 142302.5 190918.828125 229455.875 284605 229455.875 201246.125 262392.84375 342709.78125 445477.28125 387104.625 229455.875 402492.25 450000 445477.28125 318198.0625 180000 768960.3125 636396.125 342709.78125 284605 142302.5 229455.875 407492.34375 426907.46875 576281.1875 586728.1875 229455.875 426907.46875 547448.625 324499.625 387104.625 513078.9375 497041.25 664417.0625 648999.25 744882.5625 600374.875 142302.5 142302.5 484664.84375 524785.6875 229455.875 262392.84375 90000 342709.78125
342709.78125 63639.609375 142302.5 127279.21875 229455.875 0 63639.609375 201246.125 387104.625 509116.875 513078.9375 407492.34375 543737.0625 450000 63639.609375 142302.5 318198.0625 371079.5 342709.78125 229455.875 201246.125 190918.828125 127279.21875 180000 360000 576281.1875 576281.1875 270000 445477.28125 360000 576281.1875 572756.5 524785.6875 827314.9375 371079.5 270000 318198.0625 142302.5 142302.5 63639.609375 142302.5 387104.625 636396.125 497041.25 513078.9375 524785.6875 342709.78125 190918.828125 318198.0625 402492.25 576281.1875 463303.34375 463303.34375 371079.5 284605 254558.4375 407492.34375 407492.34375 127279.21875 63639.609375 381837.65625 381837.65625
513078.9375 402492.25 324499.625 360000 513078.9375 254558.4375 63639.609375 90000 201246.125 371079.5 254558.4375 360000 513078.9375 318198.0625 254558.4375 576281.1875 688367.625 655209.875 509116.875 201246.125 63639.609375 190918.828125 201246.125 201246.125 90000 360000 426907.46875 318198.0625 509116.875 407492.34375 664417.0625 853814.9375 776820.4375 572756.5 201246.125 190918.828125 426907.46875 497041.25 342709.78125 201246.125 63639.609375 229455.875 524785.6875 484664.84375 262392.84375 318198.0625 270000 90000 180000 318198.0625 426907.46875 254558.4375 142302.5 229455.875 324499.625 407492.34375 458911.75 270000 127279.21875 180000 318198.0625 180000
381837.65625 381837.65625 262392.84375 262392.84375 445477.28125 509116.875 318198.0625 142302.5 284605 342709.78125 63639.609375 142302.5 402492.25 463303.34375 664417.0625 702922.5 318198.0625 371079.5 540000 318198.0625 90000 63639.609375 270000 270000 229455.875 318198.0625 201246.125 426907.46875 450000 284605 371079.5 513078.9375 497041.25 371079.5 180000 90000 201246.125 318198.0625 445477.28125 402492.25 90000 254558.4375 342709.78125 445477.28125 201246.125 284605 342709.78125 201246.125 262392.84375 450000 524785.6875 324499.625 201246.125 142302.5 270000 540000 407492.34375 201246.125 142302.5 270000 229455.875 262392.84375
402492.25 262392.84375 142302.5 142302.5 201246.125 387104.625 426907.46875 324499.625 407492.34375 229455.875 0 142302.5 458911.75 547448.625 513078.9375 254558.4375 324499.625 513078.9375 371079.5 371079.5 63639.609375 229455.875 190918.828125 201246.125 387104.625 387104.625 371079.5 342709.78125 201246.125 63639.609375 0 63639.609375 142302.5 180000 201246.125 142302.5 142302.5 63639.609375 371079.5 497041.25 0 318198.0625 229455.875 524785.6875 569210 484664.84375 318198.0625 142302.5 318198.0625 576281.1875 509116.875 262392.84375 284605 458911.75 543737.0625 513078.9375 284605 284605 318198.0625 254558.4375 142302.5 201246.125
636396.125 463303.34375 284605 90000 90000 318198.0625 484664.84375 648999.25 543737.0625 262392.84375 318198.0625 318198.0625 402492.25 676498.3125 450000 0 407492.34375 324499.625 324499.625 463303.34375 201246.125 262392.84375 142302.5 90000 270000 180000 90000 90000 0 0 63639.609375 142302.5 180000 142302.5 63639.609375 270000 270000 90000 318198.0625 513078.9375 180000 402492.25 381837.65625 458911.75 543737.0625 318198.0625 90000 180000 318198.0625 426907.46875 262392.84375 63639.609375 127279.21875 342709.78125 543737.0625 484664.84375 229455.875 371079.5 402492.25 284605 180000 127279.21875
513078.9375 445477.28125 324499.625 127279.21875 254558.4375 324499.625 324499.625 636396.125 484664.84375 360000 569210 676498.3125 655209.875 513078.9375 360000 63639.609375 318198.0625 201246.125 201246.125 402492.25 318198.0625 284605 63639.609375 254558.4375 381837.65625 262392.84375 201246.125 201246.125 229455.875 318198.0625 371079.5 318198.0625 229455.875 190918.828125 270000 127279.21875 142302.5 63639.609375 254558.4375 509116.875 497041.25 586728.1875 450000 201246.125 360000 387104.625 513078.9375 371079.5 569210 497041.25 180000 0 180000 318198.0625 342709.78125 142302.5 127279.21875 371079.5 458911.75 254558.4375 318198.0625 371079.5
318198.0625 407492.34375 318198.0625 180000 318198.0625 63639.609375 576281.1875 586728.1875 229455.875 254558.4375 509116.875 569210 586728.1875 407492.34375 190918.828125 142302.5 509116.875 484664.84375 270000 127279.21875 270000 201246.125 318198.0625 387104.625 318198.0625 201246.125 229455.875 360000 513078.9375 547448.625 450000 262392.84375 229455.875 381837.65625 509116.875 270000 262392.84375 90000 142302.5 342709.78125 458911.75 402492.25 142302.5 284605 484664.84375 543737.0625 387104.625 318198.0625 636396.125 450000 201246.125 90000 201246.125 270000 371079.5 142302.5 270000 381837.65625 371079.5 270000 127279.21875 318198.0625
262392.84375 513078.9375 262392.84375 324499.625 229455.875 407492.34375 513078.9375 270000 180000 381837.65625 524785.6875 445477.28125 360000 371079.5 284605 360000 603738.375 402492.25 387104.625 254558.4375 63639.609375 142302.5 426907.46875 402492.25 318198.0625 381837.65625 497041.25 497041.25 371079.5 180000 180000 402492.25 576281.1875 639570.1875 586728.1875 458911.75 513078.9375 254558.4375 63639.609375 63639.609375 90000 270000 426907.46875 450000 229455.875 513078.9375 543737.0625 639570.1875 586728.1875 229455.875 229455.875 342709.78125 262392.84375 63639.609375 342709.78125 407492.34375 254558.4375 262392.84375 262392.84375 180000 190918.828125 254558.4375
318198.0625 569210 262392.84375 445477.28125 371079.5 648999.25 576281.1875 402492.25 371079.5 324499.625 371079.5 360000 63639.609375 142302.5 262392.84375 630000 636396.125 201246.125 262392.84375 324499.625 201246.125 90000 262392.84375 450000 600374.875 655209.875 371079.5 262392.84375 90000 318198.0625 576281.1875 702922.5 636396.125 387104.625 229455.875 90000 387104.625 463303.34375 201246.125 63639.609375 127279.21875 318198.0625 463303.34375 318198.0625 180000 371079.5 600374.875 543737.0625 318198.0625 127279.21875 402492.25 524785.6875 229455.875 190918.828125 180000 484664.84375 387104.625 229455.875 201246.125 0 180000 371079.5
342709.78125 547448.625 127279.21875 371079.5 229455.875 639570.1875 648999.25 318198.0625 201246.125 142302.5 229455.875 360000 90000 63639.609375 402492.25 655209.875 497041.25 254558.4375 254558.4375 90000 371079.5 547448.625 450000 381837.65625 688367.625 720000 180000 509116.875 543737.0625 711512.5 774209.25 586728.1875 318198.0625 142302.5 180000 90000 201246.125 463303.34375 387104.625 229455.875 318198.0625 513078.9375 387104.625 142302.5 371079.5 254558.4375 318198.0625 318198.0625 284605 402492.25 572756.5 387104.625 63639.609375 142302.5 63639.609375 262392.84375 450000 463303.34375 262392.84375 63639.609375 90000 0
342709.78125 497041.25 142302.5 342709.78125 284605 342709.78125 685419.5625 387104.625 201246.125 229455.875 324499.625 324499.625 63639.609375 142302.5 458911.75 371079.5 463303.34375 543737.0625 371079.5 254558.4375 458911.75 407492.34375 484664.84375 284605 547448.625 484664.84375 426907.46875 636396.125 648999.25 774209.25 648999.25 371079.5 284605 342709.78125 284605 90000 90000 318198.0625 324499.625 342709.78125 407492.34375 648999.25 711512.5 458911.75 509116.875 513078.9375 497041.25 540000 497041.25 463303.34375 381837.65625 127279.21875 90000 63639.609375 142302.5 201246.125 342709.78125 407492.34375 318198.0625 201246.125 318198.0625 458911.75
262392.84375 407492.34375 180000 229455.875 371079.5 63639.609375 586728.1875 576281.1875 360000 284605 262392.84375 127279.21875 0 180000 342709.78125 407492.34375 586728.1875 685419.5625 513078.9375 450000 725603.1875 387104.625 229455.875 0 407492.34375 262392.84375 254558.4375 426907.46875 513078.9375 543737.0625 318198.0625 229455.875 342709.78125 342709.78125 229455.875 190918.828125 142302.5 201246.125 284605 342709.78125 284605 402492.25 639570.1875 569210 586728.1875 513078.9375 371079.5 360000 284605 63639.609375 190918.828125 180000 90000 190918.828125 402492.25 513078.9375 603738.375 648999.25 648999.25 569210 540000 626777.5
142302.5 324499.625 324499.625 201246.125 318198.0625 142302.5 318198.0625 513078.9375 402492.25 180000 63639.609375 63639.609375 142302.5 262392.84375 371079.5 458911.75 450000 524785.6875 509116.875 381837.65625 664417.0625 603738.375 63639.609375 63639.609375 284605 254558.4375 190918.828125 318198.0625 540000 497041.25 190918.828125 201246.125 254558.4375 201246.125 142302.5 142302.5 142302.5 142302.5 180000 201246.125 201246.125 229455.875 450000 484664.84375 402492.25 254558.4375 63639.609375 0 180000 142302.5 127279.21875 63639.609375 142302.5 402492.25 381837.65625 324499.625 509116.875 576281.1875 450000 324499.625 318198.0625 387104.625
229455.875 342709.78125 387104.625 201246.125 229455.875 229455.875 180000 387104.625 450000 201246.125 0 142302.5 190918.828125 229455.875 270000 229455.875 142302.5 318198.0625 450000 270000 497041.25 600374.875 190918.828125 190918.828125 318198.0625 484664.84375 284605 142302.5 543737.0625 513078.9375 371079.5 407492.34375 513078.9375 547448.625 458911.75 229455.875 63639.609375 0 0 90000 142302.5 142302.5 254558.4375 262392.84375 0 142302.5 142302.5 90000 201246.125 342709.78125 371079.5 318198.0625 262392.84375 426907.46875 229455.875 229455.875 569210 387104.625 0 284605 324499.625 318198.0625
180000 190918.828125 284605 201246.125 142302.5 371079.5 262392.84375 318198.0625 484664.84375 342709.78125 63639.609375 180000 180000 63639.609375 90000 63639.609375 90000 360000 450000 270000 407492.34375 484664.84375 342709.78125 402492.25 371079.5 387104.625 402492.25 142302.5 450000 509116.875 342709.78125 201246.125 142302.5 270000 387104.625 324499.625 90000 90000 90000 63639.609375 127279.21875 190918.828125 142302.5 371079.5 324499.625 318198.0625 254558.4375 318198.0625 342709.78125 458911.75 360000 229455.875 201246.125 402492.25 254558.4375 387104.625 685419.5625 318198.0625 284605 190918.828125 387104.625 586728.1875
0 142302.5 254558.4375 324499.625 229455.875 484664.84375 190918.828125 318198.0625 407492.34375 371079.5 142302.5 180000 180000 201246.125 284605 324499.625 63639.609375 342709.78125 484664.84375 324499.625 402492.25 426907.46875 142302.5 318198.0625 229455.875 324499.625 450000 463303.34375 402492.25 262392.84375 142302.5 270000 201246.125 284605 254558.4375 426907.46875 284605 318198.0625 262392.84375 180000 142302.5 90000 190918.828125 426907.46875 229455.875 90000 318198.0625 513078.9375 387104.625 284605 254558.4375 142302.5 387104.625 576281.1875 426907.46875 445477.28125 569210 201246.125 324499.625 402492.25 513078.9375 569210
0 90000 318198.0625 586728.1875 720000 543737.0625 142302.5 318198.0625 324499.625 450000 324499.625 142302.5 180000 229455.875 201246.125 284605 262392.84375 324499.625 572756.5 509116.875 450000 513078.9375 360000 387104.625 270000 387104.625 463303.34375 547448.625 586728.1875 450000 318198.0625 450000 450000 497041.25 547448.625 766322.375 768960.3125 776820.4375 547448.625 284605 201246.125 127279.21875 229455.875 229455.875 262392.84375 180000 318198.0625 497041.25 407492.34375 142302.5 381837.65625 270000 513078.9375 445477.28125 229455.875 262392.84375 458911.75 262392.84375 284605 450000 484664.84375 254558.4375
142302.5 262392.84375 450000 569210 630000 484664.84375 324499.625 262392.84375 458911.75 639570.1875 576281.1875 229455.875 254558.4375 318198.0625 586728.1875 600374.875 342709.78125 229455.875 450000 639570.1875 648999.25 685419.5625 766322.375 676498.3125 426907.46875 324499.625 201246.125 201246.125 318198.0625 371079.5 318198.0625 387104.625 463303.34375 371079.5 569210 766322.375 524785.6875 426907.46875 543737.0625 524785.6875 318198.0625 201246.125 262392.84375 407492.34375 402492.25 254558.4375 142302.5 450000 586728.1875 342709.78125 190918.828125 270000 402492.25 229455.875 0 229455.875 513078.9375 324499.625 180000 142302.5 63639.609375 0
201246.125 318198.0625 450000 254558.4375 63639.609375 360000 284605 342709.78125 497041.25 711512.5 837048.375 636396.125 458911.75 371079.5 318198.0625 201246.125 63639.609375 63639.609375 201246.125 450000 586728.1875 569210 547448.625 484664.84375 484664.84375 513078.9375 262392.84375 318198.0625 190918.828125 201246.125 262392.84375 426907.46875 702922.5 524785.6875 484664.84375 450000 127279.21875 63639.609375 201246.125 450000 572756.5 387104.625 371079.5 497041.25 603738.375 586728.1875 371079.5 254558.4375 497041.25 497041.25 201246.125 318198.0625 387104.625 324499.625 318198.0625 450000 524785.6875 201246.125 0 0 0 0
63639.609375 270000 318198.0625 127279.21875 63639.609375 318198.0625 201246.125 381837.65625 284605 463303.34375 725603.1875 685419.5625 458911.75 270000 142302.5 201246.125 0 190918.828125 142302.5 229455.875 229455.875 190918.828125 142302.5 284605 636396.125 676498.3125 90000 450000 180000 318198.0625 484664.84375 371079.5 648999.25 1006230.5625 814984.6875 229455.875 0 0 0 127279.21875 445477.28125 524785.6875 484664.84375 513078.9375 603738.375 664417.0625 655209.875 540000 572756.5 648999.25 402492.25 371079.5 342709.78125 324499.625 342709.78125 387104.625 262392.84375 63639.609375 63639.609375 63639.609375 90000 63639.609375
63639.609375 201246.125 324499.625 342709.78125 190918.828125 190918.828125 270000 254558.4375 63639.609375 63639.609375 254558.4375 450000 513078.9375 484664.84375 450000 254558.4375 201246.125 127279.21875 262392.84375 445477.28125 284605 90000 0 229455.875 569210 711512.5 513078.9375 381837.65625 142302.5 284605 524785.6875 426907.46875 524785.6875 939627.5625 856183.375 254558.4375 180000 180000 142302.5 63639.609375 142302.5 254558.4375 450000 484664.84375 513078.9375 463303.34375 513078.9375 513078.9375 513078.9375 586728.1875 262392.84375 142302.5 63639.609375 142302.5 201246.125 201246.125 142302.5 180000 201246.125 262392.84375 270000 254558.4375
262392.84375 229455.875 284605 318198.0625 342709.78125 142302.5 229455.875 180000 63639.609375 0 63639.609375 201246.125 318198.0625 463303.34375 636396.125 484664.84375 407492.34375 254558.4375 513078.9375 387104.625 127279.21875 90000 63639.609375 324499.625 463303.34375 229455.875 342709.78125 201246.125 63639.609375 90000 324499.625 407492.34375 725603.1875 763675.3125 458911.75 262392.84375 229455.875 180000 201246.125 229455.875 342709.78125 229455.875 497041.25 254558.4375 402492.25 262392.84375 360000 484664.84375 342709.78125 318198.0625 127279.21875 63639.609375 0 63639.609375 190918.828125 254558.4375 142302.5 142302.5 229455.875 201246.125 63639.609375 270000
254558.4375 142302.5 142302.5 270000 360000 318198.0625 254558.4375 284605 254558.4375 63639.609375 63639.609375 90000 63639.609375 127279.21875 445477.28125 513078.9375 458911.75 543737.0625 676498.3125 270000 180000 63639.609375 254558.4375 513078.9375 509116.875 360000 371079.5 513078.9375 497041.25 497041.25 371079.5 318198.0625 547448.625 458911.75 190918.828125 63639.609375 90000 63639.609375 63639.609375 127279.21875 190918.828125 318198.0625 655209.875 190918.828125 342709.78125 201246.125 201246.125 262392.84375 190918.828125 180000 342709.78125 254558.4375 63639.609375 0 63639.609375 201246.125 142302.5 90000 63639.609375 201246.125 284605 254558.4375
284605 201246.125 190918.828125 142302.5 381837.65625 513078.9375 402492.25 0 284605 142302.5 90000 63639.609375 127279.21875 63639.609375 127279.21875 229455.875 318198.0625 688367.625 725603.1875 318198.0625 142302.5 90000 402492.25 524785.6875 450000 371079.5 513078.9375 586728.1875 458911.75 426907.46875 284605 324499.625 725603.1875 685419.5625 190918.828125 63639.609375 90000 142302.5 142302.5 262392.84375 407492.34375 702922.5 576281.1875 142302.5 262392.84375 190918.828125 63639.609375 90000 371079.5 381837.65625 387104.625 402492.25 142302.5 0 63639.609375 201246.125 201246.125 180000 284605 262392.84375 142302.5 63639.609375
